t/s	U/V
0,4991	4,1546
2,0279	4,1494
3,5878	4,1441
5,2882	4,1389
7,1912	4,1336
8,9697	4,1283
10,9352	4,1231
12,8383	4,1178
14,9131	4,1126
16,9410	4,1073
19,0158	4,1021
21,1373	4,0968
23,2119	4,0916
25,5832	4,0863
27,9542	4,0811
30,3098	4,0758
32,7121	4,0706
35,1925	4,0653
37,6258	4,0601
40,1841	4,0548
42,6957	4,0496
45,2227	4,0443
47,8904	4,0391
50,6202	4,0338
53,3032	4,0286
56,1581	4,0233
58,8880	4,0181
61,7583	4,0128
64,4413	4,0076
67,4987	4,0023
70,4160	3,9971
73,4111	3,9918
76,4217	3,9865
79,5103	3,9813
82,5679	3,9760
85,7347	3,9708
88,8077	3,9655
91,9431	3,9603
95,2814	3,9550
98,7448	3,9498
102,0205	3,9445
105,2496	3,9393
108,7124	3,9340
112,1912	3,9288
115,4360	3,9235
118,9925	3,9183
122,6432	3,9130
126,0279	3,9078
129,6781	3,9025
133,2974	3,8973
137,1035	3,8920
140,7693	3,8868
144,3572	3,8815
148,0543	3,8763
152,0323	3,8710
155,9477	3,8658
159,7853	3,8605
163,5914	3,8553
167,7096	3,8500
171,6563	3,8448
175,6809	3,8395
179,7526	3,8342
184,1671	3,8290
188,2073	3,8237
192,4659	3,8185
196,7869	3,8132
201,0925	3,8080
205,5385	3,8027
210,0778	3,7975
214,3675	3,7922
218,9698	3,7870
223,6492	3,7817
228,2199	3,7765
233,0870	3,7712
237,8763	3,7660
242,7432	3,7607
247,7192	3,7555
252,8204	3,7502
258,0304	3,7450
263,3343	3,7397
268,7160	3,7345
274,2539	3,7292
279,9633	3,7240
285,5792	3,7187
291,7252	3,7135
297,6374	3,7082
304,1268	3,7030
310,2887	3,6977
317,0277	3,6924
323,9381	3,6872
330,8956	3,6819
338,0401	3,6767
345,7773	3,6714
353,5926	3,6662
361,6576	3,6609
370,2530	3,6557
378,9574	3,6504
388,3951	3,6452
397,8015	3,6399
408,0815	3,6347
418,6579	3,6294
429,2968	3,6242
440,6687	3,6189
452,4619	3,6137
464,9415	3,6084
477,0471	3,6032
490,0410	3,5979
503,0979	3,5927
516,2481	3,5874
530,3812	3,5822
544,9980	3,5769
559,9110	3,5717
575,3076	3,5664
591,1254	3,5612
607,3645	3,5559
624,1339	3,5507
641,3713	3,5454
659,1392	3,5401
678,4201	3,5349
697,2018	3,5296
717,2168	3,5250
736,1389	3,5198
756,1530	3,5154
776,1672	3,5108
796,1814	3,5065
816,1954	3,5021
836,2093	3,4981
856,2236	3,4944
876,2377	3,4904
896,2516	3,4870
916,2658	3,4833
936,2798	3,4802
956,2939	3,4771
976,3083	3,4737
996,3221	3,4709
1016,3362	3,4679
1036,3503	3,4657
1056,3645	3,4626
1076,3787	3,4601
1096,3926	3,4580
1116,4067	3,4555
1136,4208	3,4536
1156,4348	3,4515
1176,4490	3,4493
1196,4630	3,4475
1216,4773	3,4453
1236,4913	3,4438
1256,5054	3,4419
1276,5199	3,4407
1296,5335	3,4388
1316,5477	3,4373
1336,5618	3,4360
1356,5759	3,4345
1376,5899	3,4333
1396,6039	3,4323
1416,6180	3,4308
1436,6321	3,4299
1456,6463	3,4286
1476,6604	3,4277
1496,6746	3,4268
1516,6886	3,4258
1536,7029	3,4246
1556,7177	3,4240
1576,7318	3,4234
1596,7460	3,4224
1616,7600	3,4218
1636,7743	3,4209
1656,7882	3,4203
1676,8024	3,4194
1696,8163	3,4190
1716,8304	3,4184
1736,8446	3,4178
1756,8586	3,4172
1776,8728	3,4169
1796,8868	3,4160
1816,9009	3,4156
1836,9150	3,4153
1856,9291	3,4147
1876,9431	3,4141
1896,9574	3,4141
1916,9716	3,4135
1936,9855	3,4132
1956,9996	3,4129
1977,0136	3,4129
1997,0277	3,4123
2017,0418	3,4123
2037,0559	3,4116
2057,0701	3,4113
2077,0841	3,4110
2097,0982	3,4110
2117,1124	3,4104
2137,1264	3,4104
2157,1407	3,4104
2177,1546	3,4101
2197,1689	3,4098
2217,1827	3,4098
2237,1968	3,4095
2257,2109	3,4092
2277,2251	3,4089
2297,2393	3,4089
2317,2532	3,4085
2337,2675	3,4082
2357,2815	3,4085
2377,2955	3,4085
2397,3095	3,4079
2417,3246	3,4079
2437,3388	3,4082
2457,3528	3,4079
2477,3671	3,4076
2497,3810	3,4079
2517,3952	3,4073
2537,4093	3,4076
2557,4233	3,4073
2577,4377	3,4073
2597,4516	3,4073
2617,4659	3,4067
2637,4796	3,4067
2657,4937	3,4070
2677,5079	3,4067
2697,5219	3,4070
2717,5361	3,4067
2737,5501	3,4064
2757,5644	3,4067
2777,5784	3,4067
2797,5925	3,4067
2817,6063	3,4067
2837,6205	3,4067
2857,6347	3,4067
2877,6490	3,4067
2897,6628	3,4067
2917,6770	3,4064
2937,6912	3,4064
2957,7053	3,4061
2977,7192	3,4064
2997,7333	3,4064
3017,7474	3,4061
3037,7617	3,4064
3057,7756	3,4064
3077,7898	3,4061
3097,8038	3,4061
3117,8178	3,4061
3137,8320	3,4061
3157,8461	3,4064
3177,8603	3,4058
3197,8743	3,4058
3217,8884	3,4061
3237,9025	3,4061
3257,9165	3,4061
3277,9318	3,4058
3297,9457	3,4061
3317,9600	3,4058
3337,9739	3,4058
3357,9880	3,4061
3378,0021	3,4061
3398,0163	3,4058
3418,0303	3,4058
3438,0444	3,4058
3458,0586	3,4061
3478,0725	3,4058
3498,0867	3,4058
3518,1007	3,4055
3538,1149	3,4058
3558,1290	3,4058
3578,1430	3,4058
3598,1572	3,4058
3618,1713	3,4055
3638,1853	3,4058
3658,1994	3,4058
3678,2134	3,4058
3698,2276	3,4061
3718,2416	3,4058
3738,2558	3,4055
3758,2700	3,4055
3778,2839	3,4058
3798,2980	3,4055
3818,3122	3,4055
3838,3263	3,4058
3858,3403	3,4055
3878,3548	3,4058
3898,3686	3,4055
3918,3825	3,4058
3938,3967	3,4055
3958,4109	3,4058
3978,4249	3,4058
3998,4390	3,4058
4018,4527	3,4058
4038,4673	3,4058
4058,4813	3,4051
4078,4953	3,4055
4098,5095	3,4055
4118,5245	3,4058
4138,5385	3,4058
4158,5527	3,4058
4178,5670	3,4058
4198,5808	3,4055
4218,5952	3,4055
4238,6091	3,4051
4258,6232	3,4055
4278,6373	3,4055
4298,6513	3,4055
4318,6656	3,4055
4338,6795	3,4051
4358,6937	3,4055
4378,7077	3,4055
4398,7219	3,4055
4418,7358	3,4058
4438,7500	3,4058
4458,7640	3,4055
4478,7781	3,4055
4498,7923	3,4058
4518,8063	3,4061
4538,8205	3,4055
4558,8346	3,4058
4578,8487	3,4055
4598,8628	3,4058
4618,8768	3,4058
4638,8909	3,4055
4658,9050	3,4058
4678,9193	3,4055
4698,9332	3,4055
4718,9473	3,4055
4738,9615	3,4055
4758,9754	3,4058
4778,9894	3,4055
4799,0037	3,4058
4819,0179	3,4055
4839,0318	3,4055
4859,0461	3,4055
4879,0601	3,4055
4899,0741	3,4055
4919,0882	3,4055
4939,1023	3,4055
4959,1166	3,4055
4979,1315	3,4055
4999,1455	3,4055
5019,1596	3,4058
5039,1737	3,4055
5059,1878	3,4055
5079,2020	3,4055
5099,2162	3,4055
5119,2301	3,4055
5139,2442	3,4055
5159,2583	3,4055
5179,2728	3,4055
5199,2865	3,4055
5219,3007	3,4055
5239,3148	3,4058
5259,3287	3,4055
5279,3428	3,4055
5299,3569	3,4055
5319,3711	3,4055
5339,3851	3,4058
5359,3992	3,4055
5379,4134	3,4055
5399,4274	3,4055
5419,4417	3,4055
5439,4556	3,4055
5459,4697	3,4055
5479,4837	3,4055
5499,4978	3,4058
5519,5122	3,4055
5539,5260	3,4058
5559,5404	3,4058
5579,5544	3,4055
5599,5683	3,4055
5619,5824	3,4055
5639,5965	3,4055
5659,6108	3,4058
5679,6248	3,4055
5699,6388	3,4055
5719,6528	3,4058
5739,6669	3,4055
5759,6810	3,4055
5779,6952	3,4055
5799,7093	3,4058
5819,7233	3,4058
5839,7384	3,4055
5859,7526	3,4055
5879,7666	3,4055
5899,7808	3,4058
5919,7947	3,4055
5939,8090	3,4055
5959,8230	3,4055
5979,8371	3,4058
5999,8511	3,4055
6019,8652	3,4055
6039,8793	3,4055
6059,8934	3,4055
6079,9077	3,4055
6099,9217	3,4055
6119,9358	3,4055
6139,9498	3,4055
6159,9639	3,4055
6179,9779	3,4058
6199,9920	3,4055
6220,0062	3,4055
6240,0203	3,4055
6260,0344	3,4058
6280,0484	3,4055
6300,0625	3,4055
6320,0766	3,4055
6340,0907	3,4055
6360,1049	3,4058
6380,1189	3,4055
6400,1331	3,4055
6420,1471	3,4055
6440,1611	3,4058
6460,1753	3,4055
6480,1897	3,4055
6500,2036	3,4058
6520,2176	3,4055
6540,2317	3,4058
6560,2457	3,4055
6580,2598	3,4055
6600,2739	3,4051
6620,2880	3,4055
6640,3022	3,4055
6660,3161	3,4055
6680,3304	3,4055
6700,3454	3,4055
6720,3594	3,4055
6740,3736	3,4055
6760,3876	3,4055
6780,4019	3,4055
6800,4158	3,4055
6820,4300	3,4055
6840,4441	3,4055
6860,4582	3,4051
6880,4722	3,4058
6900,4864	3,4051
6920,5006	3,4055
6940,5145	3,4055
6960,5286	3,4051
6980,5428	3,4055
7000,5567	3,4055
7020,5709	3,4058
7040,5849	3,4055
7060,5991	3,4055
7080,6132	3,4058
7100,6272	3,4051
7120,6413	3,4055
7140,6554	3,4051
7160,6695	3,4055
7180,6836	3,4055
7200,6979	3,4055
7220,7117	3,4055
7240,7259	3,4058
7260,7400	3,4055
7280,7541	3,4058
7300,7682	3,4055
7320,7822	3,4055
7340,7965	3,4055
7360,8104	3,4055
7380,8245	3,4055
7400,8387	3,4055
7420,8527	3,4055
7440,8670	3,4055
7460,8809	3,4055
7480,8951	3,4051
7500,9091	3,4058
7520,9232	3,4055
7540,9382	3,4055
7560,9524	3,4055
7580,9666	3,4055
7600,9805	3,4055
7620,9948	3,4055
7641,0087	3,4055
7661,0228	3,4055
7681,0369	3,4055
7701,0510	3,4055
7721,0652	3,4055
7741,0792	3,4055
7761,0935	3,4055
7781,1077	3,4055
7801,1214	3,4051
7821,1355	3,4058
7841,1496	3,4058
7861,1637	3,4055
7881,1778	3,4055
7901,1921	3,4055
7921,2060	3,4058
7941,2201	3,4055
7961,2343	3,4055
7981,2484	3,4055
8001,2625	3,4055
8021,2765	3,4055
8041,2908	3,4055
8061,3047	3,4055
8081,3187	3,4055
8101,3328	3,4058
8121,3470	3,4055
8141,3610	3,4055
8161,3752	3,4055
8181,3894	3,4055
8201,4034	3,4055
8221,4175	3,4051
8241,4315	3,4055
8261,4458	3,4055
8281,4597	3,4055
8301,4737	3,4055
8321,4880	3,4055
8341,5020	3,4058
8361,5160	3,4051
8381,5301	3,4055
8401,5452	3,4058
8421,5593	3,4058
8441,5734	3,4055
8461,5877	3,4051
8481,6015	3,4058
8501,6157	3,4055
8521,6297	3,4055
8541,6438	3,4055
8561,6579	3,4055
8581,6722	3,4055
8601,6863	3,4055
8621,7002	3,4055
8641,7143	3,4055
8661,7284	3,4058
8681,7425	3,4055
8701,7566	3,4055
8721,7707	3,4055
8741,7849	3,4055
8761,7988	3,4055
8781,8130	3,4055
8801,8270	3,4055
8821,8412	3,4055
8841,8552	3,4058
8861,8693	3,4055
8881,8835	3,4055
8901,8976	3,4055
8921,9117	3,4055
8941,9258	3,4058
8961,9398	3,4055
8981,9537	3,4055
9001,9681	3,4055
9021,9823	3,4055
9041,9961	3,4055
9062,0104	3,4055
9082,0248	3,4055
9102,0384	3,4055
9122,0525	3,4055
9142,0666	3,4051
9162,0809	3,4055
9182,0949	3,4055
9202,1089	3,4055
9222,1230	3,4055
9242,1381	3,4055
9262,1522	3,4051
9282,1662	3,4055
9302,1805	3,4055
9322,1944	3,4055
9342,2087	3,4051
9362,2227	3,4055
9382,2367	3,4051
9402,2508	3,4055
9422,2650	3,4055
9442,2791	3,4058
9462,2932	3,4055
9482,3072	3,4055
9502,3214	3,4055
9522,3354	3,4055
9542,3495	3,4055
9562,3637	3,4051
9582,3777	3,4055
9602,3918	3,4055
9622,4059	3,4055
9642,4200	3,4055
9662,4342	3,4051
9682,4481	3,4055
9702,4623	3,4055
9722,4763	3,4055
9742,4905	3,4055
9762,5045	3,4055
9782,5189	3,4055
9802,5328	3,4051
9822,5467	3,4051
9842,5608	3,4055
9862,5750	3,4055
9882,5891	3,4055
9902,6031	3,4055
9922,6171	3,4055
9942,6315	3,4055
9962,6454	3,4055
9982,6595	3,4051
10002,6737	3,4055
10022,6878	3,4051
10042,7018	3,4055
10062,7159	3,4051
10082,7301	3,4055
10102,7450	3,4055
10122,7592	3,4055
10142,7734	3,4055
10162,7873	3,4055
10182,8014	3,4051
10202,8155	3,4055
10222,8298	3,4055
10242,8437	3,4055
10262,8579	3,4055
10282,8719	3,4051
10302,8860	3,4051
10322,9002	3,4055
10342,9142	3,4055
10362,9283	3,4055
10382,9428	3,4055
10402,9564	3,4055
10422,9706	3,4051
10442,9848	3,4055
10462,9987	3,4055
10483,0128	3,4051
10503,0268	3,4055
10523,0411	3,4051
10543,0550	3,4051
10563,0692	3,4055
10583,0832	3,4055
10603,0973	3,4051
10623,1114	3,4055
10643,1256	3,4051
10663,1397	3,4051
10683,1538	3,4051
10703,1678	3,4055
10723,1820	3,4051
10743,1959	3,4051
10763,2101	3,4051
10783,2242	3,4055
10803,2384	3,4055
10823,2524	3,4055
10843,2665	3,4055
10863,2805	3,4055
10883,2947	3,4055
10903,3087	3,4055
10923,3228	3,4051
10943,3380	3,4055
10963,3522	3,4055
10983,3661	3,4051
11003,3803	3,4051
11023,3943	3,4051
11043,4083	3,4051
11063,4224	3,4055
11083,4368	3,4051
11103,4507	3,4055
11123,4647	3,4055
11143,4789	3,4055
11163,4930	3,4055
11183,5070	3,4051
11203,5212	3,4055
11223,5351	3,4051
11243,5493	3,4051
11263,5634	3,4055
11283,5775	3,4051
11303,5916	3,4051
11323,6058	3,4051
11343,6198	3,4051
11363,6340	3,4055
11383,6480	3,4055
11403,6621	3,4055
11423,6761	3,4048
11443,6902	3,4051
11463,7043	3,4051
11483,7184	3,4055
11503,7326	3,4051
11523,7464	3,4051
11543,7607	3,4055
11563,7749	3,4051
11583,7889	3,4055
11603,8029	3,4051
11623,8172	3,4051
11643,8313	3,4055
11663,8453	3,4055
11683,8598	3,4055
11703,8735	3,4051
11723,8875	3,4051
11743,9017	3,4055
11763,9158	3,4055
11783,9298	3,4051
11803,9450	3,4051
11823,9589	3,4055
11843,9730	3,4051
11863,9873	3,4055
11884,0013	3,4055
11904,0153	3,4055
11924,0296	3,4051
11944,0435	3,4051
11964,0577	3,4051
11984,0718	3,4055
12004,0858	3,4055
12024,1009	3,4048
12044,1142	3,4051
12064,1283	3,4051
12084,1422	3,4051
12104,1562	3,4051
12124,1704	3,4055
12144,1844	3,4051
12164,1985	3,4051
12184,2126	3,4055
12204,2269	3,4051
12224,2408	3,4051
12244,2550	3,4051
12264,2690	3,4051
12284,2831	3,4048
12304,2975	3,4051
12324,3113	3,4055
12344,3256	3,4055
12364,3394	3,4051
12384,3535	3,4048
12404,3677	3,4055
12424,3817	3,4048
12444,3959	3,4051
12464,4099	3,4051
12484,4242	3,4055
12504,4381	3,4051
12524,4521	3,4051
12544,4663	3,4051
12564,4803	3,4051
12584,4945	3,4051
12604,5086	3,4051
12624,5228	3,4055
12644,5368	3,4051
12664,5518	3,4055
12684,5659	3,4051
12704,5800	3,4048
12724,5942	3,4051
12744,6082	3,4051
12764,6225	3,4051
12784,6365	3,4055
12804,6505	3,4051
12824,6646	3,4051
12844,6788	3,4051
12864,6929	3,4048
12884,7069	3,4051
12904,7210	3,4051
12924,7350	3,4048
12944,7491	3,4051
12964,7633	3,4051
12984,7779	3,4051
13004,7914	3,4051
13024,8056	3,4051
13044,8196	3,4051
13064,8338	3,4051
13084,8478	3,4051
13104,8619	3,4051
13124,8761	3,4051
13144,8900	3,4048
13164,9041	3,4051
13184,9183	3,4048
13204,9323	3,4048
13224,9465	3,4051
13244,9605	3,4055
13264,9747	3,4051
13284,9887	3,4051
13305,0028	3,4051
13325,0169	3,4051
13345,0310	3,4048
13365,0451	3,4051
13385,0593	3,4048
13405,0734	3,4051
13425,0874	3,4048
13445,1015	3,4051
13465,1156	3,4051
13485,1297	3,4051
13505,1437	3,4051
13525,1588	3,4051
13545,1731	3,4051
13565,1870	3,4048
13585,2011	3,4045
13605,2152	3,4048
13625,2293	3,4048
13645,2437	3,4048
13665,2575	3,4048
13685,2717	3,4051
13705,2856	3,4048
13725,2997	3,4051
13745,3138	3,4051
13765,3280	3,4048
13785,3420	3,4048
13805,3562	3,4051
13825,3703	3,4045
13845,3843	3,4051
13865,3984	3,4048
13885,4125	3,4051
13905,4265	3,4048
13925,4408	3,4048
13945,4548	3,4048
13965,4690	3,4048
13985,4829	3,4048
14005,4970	3,4051
14025,5111	3,4055
14045,5252	3,4048
14065,5394	3,4048
14085,5535	3,4048
14105,5676	3,4048
14125,5816	3,4048
14145,5957	3,4051
14165,6098	3,4051
14185,6239	3,4048
14205,6379	3,4051
14225,6521	3,4048
14245,6663	3,4048
14265,6802	3,4048
14285,6948	3,4051
14305,7084	3,4051
14325,7226	3,4051
14345,7366	3,4048
14365,7518	3,4048
14385,7659	3,4045
14405,7799	3,4048
14425,7940	3,4048
14445,8080	3,4048
14465,8222	3,4045
14485,8363	3,4048
14505,8503	3,4045
14525,8646	3,4051
14545,8785	3,4048
14565,8926	3,4045
14585,9067	3,4048
14605,9208	3,4045
14625,9349	3,4048
14645,9490	3,4048
14665,9634	3,4048
14685,9772	3,4045
14705,9912	3,4045
14726,0062	3,4048
14746,0194	3,4051
14766,0337	3,4051
14786,0477	3,4045
14806,0618	3,4045
14826,0758	3,4045
14846,0900	3,4048
14866,1039	3,4048
14886,1180	3,4048
14906,1323	3,4045
14926,1461	3,4048
14946,1605	3,4045
14966,1745	3,4045
14986,1886	3,4048
15006,2029	3,4045
15026,2168	3,4048
15046,2308	3,4045
15066,2450	3,4048
15086,2592	3,4045
15106,2730	3,4048
15126,2871	3,4051
15146,3013	3,4048
15166,3154	3,4045
15186,3294	3,4045
15206,3435	3,4048
15226,3588	3,4048
15246,3727	3,4048
15266,3868	3,4045
15286,4010	3,4048
15306,4151	3,4048
15326,4291	3,4045
15346,4432	3,4045
15366,4574	3,4045
15386,4716	3,4045
15406,4855	3,4042
15426,4995	3,4045
15446,5137	3,4048
15466,5278	3,4048
15486,5418	3,4045
15506,5559	3,4048
15526,5702	3,4045
15546,5841	3,4045
15566,5983	3,4045
15586,6125	3,4048
15606,6264	3,4045
15626,6406	3,4048
15646,6546	3,4045
15666,6688	3,4045
15686,6829	3,4045
15706,6968	3,4048
15726,7110	3,4048
15746,7251	3,4048
15766,7391	3,4048
15786,7533	3,4045
15806,7674	3,4048
15826,7816	3,4045
15846,7955	3,4045
15866,8097	3,4045
15886,8236	3,4045
15906,8377	3,4045
15926,8519	3,4042
15946,8659	3,4045
15966,8803	3,4048
15986,8942	3,4045
16006,9082	3,4045
16026,9223	3,4042
16046,9364	3,4045
16066,9506	3,4045
16086,9508	3,4045
16106,9641	3,4045
16126,9782	3,4042
16146,9923	3,4045
16167,0063	3,4045
16187,0206	3,4048
16207,0346	3,4045
16227,0488	3,4045
16247,0628	3,4042
16267,0769	3,4042
16287,0909	3,4045
16307,1050	3,4042
16327,1193	3,4042
16347,1332	3,4048
16367,1476	3,4042
16387,1616	3,4045
16407,1755	3,4045
16427,1900	3,4045
16447,2038	3,4045
16467,2179	3,4045
16487,2318	3,4045
16507,2459	3,4045
16527,2600	3,4042
16547,2741	3,4045
16567,2883	3,4042
16587,2945	3,4045
16607,3030	3,4045
16627,3053	3,4045
16647,3108	3,4045
16667,3162	3,4045
16687,3175	3,4042
16707,3200	3,4045
16727,3205	3,4045
16747,3289	3,4042
16767,3297	3,4045
16787,3438	3,4045
16807,3580	3,4042
16827,3720	3,4045
16847,3862	3,4045
16867,4003	3,4042
16887,4144	3,4042
16907,4283	3,4042
16927,4425	3,4042
16947,4576	3,4042
16967,4716	3,4042
16987,4860	3,4042
17007,4998	3,4045
17027,5141	3,4042
17047,5280	3,4039
17067,5421	3,4045
17087,5563	3,4045
17107,5702	3,4042
17127,5844	3,4039
17147,5986	3,4045
17167,6127	3,4045
17187,6267	3,4042
17207,6407	3,4042
17227,6548	3,4042
17247,6689	3,4039
17267,6831	3,4042
17287,6971	3,4042
17307,7114	3,4039
17327,7253	3,4042
17347,7392	3,4042
17367,7536	3,4042
17387,7676	3,4042
17407,7817	3,4042
17427,7959	3,4039
17447,8099	3,4045
17467,8241	3,4045
17487,8381	3,4042
17507,8521	3,4042
17527,8662	3,4045
17547,8804	3,4048
17567,8951	3,4042
17587,9086	3,4042
17607,9229	3,4042
17627,9367	3,4042
17647,9510	3,4042
17667,9651	3,4042
17687,9790	3,4042
17707,9933	3,4042
17728,0072	3,4042
17748,0214	3,4042
17768,0354	3,4042
17788,0505	3,4042
17808,0646	3,4042
17828,0787	3,4042
17848,0929	3,4042
17868,1069	3,4042
17888,1211	3,4042
17908,1351	3,4042
17928,1491	3,4042
17948,1632	3,4042
17968,1772	3,4042
17988,1915	3,4042
18008,2055	3,4042
18028,2198	3,4042
18048,2337	3,4042
18068,2477	3,4039
18088,2618	3,4039
18108,2759	3,4042
18128,2900	3,4039
18148,3041	3,4039
18168,3184	3,4039
18188,3322	3,4039
18208,3465	3,4042
18228,3605	3,4042
18248,3746	3,4039
18268,3887	3,4042
18288,4029	3,4045
18308,4171	3,4042
18328,4309	3,4042
18348,4450	3,4039
18368,4592	3,4042
18388,4733	3,4039
18408,4872	3,4042
18428,5015	3,4039
18448,5156	3,4039
18468,5296	3,4042
18488,5437	3,4042
18508,5578	3,4039
18528,5720	3,4042
18548,5861	3,4036
18568,6000	3,4039
18588,6142	3,4042
18608,6282	3,4036
18628,6423	3,4039
18648,6575	3,4036
18668,6714	3,4036
18688,6857	3,4039
18708,6998	3,4042
18728,7139	3,4042
18748,7280	3,4042
18768,7420	3,4039
18788,7561	3,4039
18808,7701	3,4039
18828,7842	3,4039
18848,7984	3,4039
18868,8129	3,4042
18888,8266	3,4042
18908,8406	3,4042
18928,8548	3,4039
18948,8688	3,4039
18968,8829	3,4036
18988,8970	3,4036
19008,9112	3,4039
19028,9251	3,4039
19048,9393	3,4039
19068,9535	3,4039
19088,9674	3,4039
19108,9816	3,4039
19128,9958	3,4036
19149,0099	3,4039
19169,0238	3,4039
19189,0381	3,4039
19209,0520	3,4039
19229,0661	3,4039
19249,0802	3,4039
19269,0943	3,4036
19289,1085	3,4039
19309,1226	3,4039
19329,1368	3,4036
19349,1508	3,4036
19369,1647	3,4039
19389,1788	3,4039
19409,1930	3,4036
19429,2072	3,4036
19449,2212	3,4039
19469,2353	3,4036
19489,2493	3,4036
19509,2645	3,4036
19529,2785	3,4036
19549,2926	3,4033
19569,3068	3,4036
19589,3209	3,4036
19609,3349	3,4036
19629,3489	3,4036
19649,3632	3,4042
19669,3772	3,4039
19689,3912	3,4036
19709,4054	3,4042
19729,4195	3,4036
19749,4335	3,4036
19769,4475	3,4039
19789,4616	3,4039
19809,4758	3,4036
19829,4900	3,4039
19849,5041	3,4036
19869,5181	3,4036
19889,5322	3,4036
19909,5462	3,4033
19929,5604	3,4036
19949,5745	3,4036
19969,5885	3,4036
19989,6027	3,4036
20009,6166	3,4033
20029,6306	3,4036
20049,6448	3,4036
20069,6591	3,4033
20089,6730	3,4036
20109,6872	3,4036
20129,7014	3,4036
20149,7153	3,4036
20169,7293	3,4036
20189,7435	3,4036
20209,7577	3,4033
20229,7717	3,4036
20249,7858	3,4036
20269,8007	3,4036
20289,8141	3,4033
20309,8281	3,4036
20329,8422	3,4033
20349,8562	3,4039
20369,8714	3,4033
20389,8855	3,4033
20409,8996	3,4036
20429,9138	3,4036
20449,9277	3,4036
20469,9418	3,4036
20489,9558	3,4033
20509,9701	3,4033
20529,9843	3,4033
20549,9984	3,4036
20570,0123	3,4033
20590,0263	3,4033
20610,0403	3,4033
20630,0550	3,4036
20650,0686	3,4033
20670,0827	3,4033
20690,0970	3,4033
20710,1109	3,4033
20730,1250	3,4033
20750,1391	3,4033
20770,1532	3,4033
20790,1674	3,4033
20810,1815	3,4033
20830,1956	3,4033
20850,2096	3,4033
20870,2236	3,4033
20890,2378	3,4030
20910,2518	3,4033
20930,2659	3,4033
20950,2799	3,4033
20970,2943	3,4033
20990,3082	3,4033
21010,3223	3,4033
21030,3364	3,4033
21050,3506	3,4030
21070,3647	3,4033
21090,3785	3,4030
21110,3926	3,4033
21130,4070	3,4033
21150,4207	3,4030
21170,4351	3,4033
21190,4492	3,4033
21210,4640	3,4030
21230,4784	3,4030
21250,4926	3,4030
21270,5062	3,4030
21290,5205	3,4030
21310,5347	3,4030
21330,5485	3,4030
21350,5629	3,4033
21370,5769	3,4030
21390,5908	3,4030
21410,6052	3,4030
21430,6194	3,4030
21450,6330	3,4030
21470,6474	3,4030
21490,6615	3,4030
21510,6753	3,4027
21530,6898	3,4033
21550,7038	3,4030
21570,7176	3,4033
21590,7320	3,4030
21610,7461	3,4030
21630,7599	3,4030
21650,7743	3,4030
21670,7885	3,4030
21690,8021	3,4030
21710,8166	3,4030
21730,8307	3,4030
21750,8445	3,4027
21770,8589	3,4030
21790,8729	3,4030
21810,8868	3,4030
21830,9012	3,4030
21850,9152	3,4027
21870,9290	3,4030
21890,9437	3,4027
21910,9575	3,4030
21930,9712	3,4030
21950,9857	3,4030
21970,9997	3,4030
21991,0136	3,4030
22011,0279	3,4030
22031,0421	3,4027
22051,0562	3,4027
22071,0712	3,4030
22091,0852	3,4030
22111,0994	3,4027
22131,1136	3,4027
22151,1277	3,4027
22171,1417	3,4030
22191,1559	3,4027
22211,1699	3,4027
22231,1839	3,4027
22251,1980	3,4027
22271,2121	3,4030
22291,2262	3,4027
22311,2405	3,4024
22331,2545	3,4027
22351,2685	3,4027
22371,2826	3,4027
22391,2966	3,4027
22411,3108	3,4027
22431,3249	3,4027
22451,3391	3,4030
22471,3530	3,4027
22491,3672	3,4027
22511,3812	3,4027
22531,3953	3,4027
22551,4096	3,4027
22571,4236	3,4030
22591,4375	3,4027
22611,4518	3,4027
22631,4659	3,4027
22651,4799	3,4027
22671,4941	3,4027
22691,5080	3,4027
22711,5220	3,4024
22731,5362	3,4024
22751,5503	3,4024
22771,5644	3,4027
22791,5786	3,4024
22811,5927	3,4024
22831,6068	3,4021
22851,6208	3,4027
22871,6348	3,4030
22891,6490	3,4027
22911,6642	3,4024
22931,6781	3,4024
22951,6925	3,4024
22971,7064	3,4024
22991,7204	3,4027
23011,7346	3,4024
23031,7487	3,4024
23051,7631	3,4027
23071,7768	3,4024
23091,7910	3,4024
23111,8050	3,4024
23131,8191	3,4024
23151,8332	3,4024
23171,8472	3,4024
23191,8613	3,4024
23211,8754	3,4021
23231,8898	3,4021
23251,9037	3,4024
23271,9178	3,4024
23291,9319	3,4024
23311,9459	3,4027
23331,9600	3,4024
23351,9740	3,4021
23371,9884	3,4021
23392,0023	3,4021
23412,0163	3,4021
23432,0305	3,4024
23452,0445	3,4024
23472,0587	3,4024
23492,0727	3,4021
23512,0870	3,4021
23532,1009	3,4024
23552,1151	3,4024
23572,1292	3,4024
23592,1431	3,4021
23612,1573	3,4021
23632,1714	3,4021
23652,1854	3,4021
23672,1997	3,4021
23692,2136	3,4024
23712,2277	3,4017
23732,2418	3,4024
23752,2559	3,4021
23772,2710	3,4021
23792,2852	3,4021
23812,2992	3,4021
23832,3134	3,4024
23852,3273	3,4021
23872,3416	3,4017
23892,3556	3,4021
23912,3697	3,4024
23932,3839	3,4017
23952,3979	3,4021
23972,4119	3,4021
23992,4261	3,4021
24012,4401	3,4017
24032,4542	3,4017
24052,4683	3,4017
24072,4825	3,4021
24092,4965	3,4017
24112,5106	3,4017
24132,5247	3,4021
24152,5387	3,4021
24172,5529	3,4017
24192,5670	3,4021
24212,5812	3,4021
24232,5951	3,4021
24252,6092	3,4021
24272,6233	3,4021
24292,6375	3,4017
24312,6515	3,4017
24332,6655	3,4017
24352,6801	3,4021
24372,6938	3,4017
24392,7079	3,4017
24412,7221	3,4017
24432,7361	3,4017
24452,7503	3,4017
24472,7643	3,4017
24492,7785	3,4017
24512,7924	3,4017
24532,8065	3,4017
24552,8207	3,4017
24572,8348	3,4017
24592,8487	3,4017
24612,8629	3,4017
24632,8781	3,4017
24652,8922	3,4017
24672,9062	3,4017
24692,9202	3,4017
24712,9344	3,4017
24732,9485	3,4017
24752,9626	3,4017
24772,9768	3,4017
24792,9907	3,4017
24813,0049	3,4014
24833,0189	3,4014
24853,0330	3,4017
24873,0471	3,4017
24893,0612	3,4017
24913,0754	3,4014
24933,0893	3,4014
24953,1034	3,4014
24973,1175	3,4017
24993,1316	3,4017
25013,1458	3,4014
25033,1598	3,4014
25053,1741	3,4014
25073,1880	3,4011
25093,2022	3,4014
25113,2161	3,4014
25133,2304	3,4017
25153,2443	3,4014
25173,2585	3,4014
25193,2724	3,4014
25213,2866	3,4014
25233,3007	3,4017
25253,3149	3,4017
25273,3289	3,4014
25293,3431	3,4014
25313,3571	3,4014
25333,3714	3,4014
25353,3852	3,4014
25373,3994	3,4011
25393,4135	3,4011
25413,4276	3,4017
25433,4416	3,4014
25453,4558	3,4014
25473,4700	3,4014
25493,4850	3,4014
25513,4990	3,4011
25533,5131	3,4014
25553,5272	3,4011
25573,5414	3,4011
25593,5555	3,4014
25613,5696	3,4011
25633,5836	3,4014
25653,5980	3,4011
25673,6118	3,4011
25693,6258	3,4011
25713,6401	3,4011
25733,6541	3,4008
25753,6683	3,4014
25773,6823	3,4011
25793,6963	3,4014
25813,7104	3,4008
25833,7244	3,4008
25853,7387	3,4008
25873,7527	3,4011
25893,7669	3,4011
25913,7809	3,4008
25933,7952	3,4011
25953,8091	3,4011
25973,8232	3,4011
25993,8372	3,4011
26013,8515	3,4008
26033,8656	3,4008
26053,8795	3,4014
26073,8937	3,4008
26093,9076	3,4008
26113,9218	3,4008
26133,9360	3,4011
26153,9499	3,4011
26173,9642	3,4008
26193,9782	3,4008
26213,9923	3,4008
26234,0063	3,4008
26254,0204	3,4008
26274,0346	3,4005
26294,0486	3,4008
26314,0630	3,4011
26334,0779	3,4008
26354,0920	3,4008
26374,1061	3,4011
26394,1201	3,4011
26414,1342	3,4008
26434,1484	3,4008
26454,1625	3,4008
26474,1766	3,4008
26494,1906	3,4005
26514,2047	3,4008
26534,2187	3,4005
26554,2330	3,4008
26574,2469	3,4008
26594,2612	3,4005
26614,2751	3,4008
26634,2892	3,4005
26654,3033	3,4005
26674,3174	3,4008
26694,3314	3,4005
26714,3455	3,4008
26734,3597	3,4008
26754,3738	3,4005
26774,3879	3,4005
26794,4019	3,4005
26814,4157	3,4008
26834,4301	3,4002
26854,4443	3,4005
26874,4584	3,4002
26894,4724	3,4008
26914,4865	3,4005
26934,5006	3,4002
26954,5147	3,4005
26974,5287	3,4002
26994,5428	3,4002
27014,5572	3,4005
27034,5711	3,4005
27054,5852	3,4005
27074,5994	3,4005
27094,6134	3,4002
27114,6274	3,3999
27134,6416	3,4002
27154,6556	3,4005
27174,6699	3,4002
27194,6847	3,4002
27214,6989	3,4005
27234,7129	3,4002
27254,7270	3,4002
27274,7413	3,4002
27294,7553	3,4002
27314,7696	3,4002
27334,7834	3,3999
27354,7975	3,4002
27374,8116	3,4002
27394,8258	3,4002
27414,8398	3,4002
27434,8539	3,4002
27454,8681	3,4002
27474,8820	3,4002
27494,8962	3,3999
27514,9103	3,3999
27534,9244	3,3999
27554,9383	3,3999
27574,9526	3,4002
27594,9667	3,3996
27614,9808	3,3996
27634,9948	3,3999
27655,0089	3,4002
27675,0230	3,3999
27695,0371	3,3996
27715,0512	3,3996
27735,0650	3,3999
27755,0793	3,3996
27775,0936	3,3996
27795,1075	3,3999
27815,1216	3,3996
27835,1357	3,3996
27855,1499	3,3996
27875,1642	3,3996
27895,1780	3,3996
27915,1921	3,3999
27935,2063	3,3996
27955,2203	3,3996
27975,2343	3,3996
27995,2486	3,3999
28015,2623	3,3996
28035,2766	3,3996
28055,2917	3,3996
28075,3058	3,3996
28095,3200	3,3996
28115,3341	3,3996
28135,3481	3,3996
28155,3624	3,3996
28175,3764	3,3993
28195,3904	3,3996
28215,4046	3,3993
28235,4186	3,3996
28255,4327	3,3993
28275,4468	3,3993
28295,4610	3,3993
28315,4749	3,3996
28335,4894	3,3993
28355,5032	3,3996
28375,5173	3,3996
28395,5313	3,3996
28415,5454	3,3993
28435,5596	3,3993
28455,5737	3,3993
28475,5877	3,3993
28495,6017	3,3993
28515,6158	3,3996
28535,6300	3,3996
28555,6441	3,3993
28575,6582	3,3993
28595,6723	3,3993
28615,6864	3,3993
28635,7005	3,3993
28655,7145	3,3993
28675,7286	3,3993
28695,7427	3,3993
28715,7569	3,3993
28735,7709	3,3993
28755,7850	3,3993
28775,7990	3,3993
28795,8132	3,3993
28815,8272	3,3993
28835,8414	3,3993
28855,8554	3,3990
28875,8695	3,3990
28895,8847	3,3993
28915,8987	3,3993
28935,9130	3,3993
28955,9269	3,3993
28975,9410	3,3993
28995,9550	3,3996
29015,9692	3,3993
29035,9833	3,3993
29055,9974	3,3990
29076,0116	3,3993
29096,0257	3,3993
29116,0396	3,3990
29136,0538	3,3993
29156,0678	3,3990
29176,0819	3,3990
29196,0962	3,3990
29216,1101	3,3993
29236,1243	3,3990
29256,1384	3,3990
29276,1524	3,3990
29296,1665	3,3990
29316,1805	3,3990
29336,1946	3,3987
29356,2087	3,3990
29376,2229	3,3990
29396,2370	3,3987
29416,2510	3,3990
29436,2651	3,3990
29456,2791	3,3990
29476,2933	3,3987
29496,3074	3,3987
29516,3216	3,3990
29536,3355	3,3987
29556,3497	3,3987
29576,3638	3,3990
29596,3779	3,3983
29616,3920	3,3987
29636,4063	3,3987
29656,4203	3,3987
29676,4342	3,3987
29696,4485	3,3990
29716,4624	3,3990
29736,4765	3,3990
29756,4916	3,3987
29776,5057	3,3987
29796,5199	3,3987
29816,5338	3,3987
29836,5479	3,3987
29856,5621	3,3983
29876,5761	3,3987
29896,5902	3,3983
29916,6044	3,3983
29936,6186	3,3987
29956,6325	3,3983
29976,6467	3,3987
29996,6607	3,3983
30016,6748	3,3983
30036,6889	3,3983
30056,7029	3,3983
30076,7171	3,3983
30096,7313	3,3983
30116,7453	3,3980
30136,7593	3,3980
30156,7734	3,3983
30176,7874	3,3983
30196,8016	3,3983
30216,8159	3,3980
30236,8297	3,3980
30256,8439	3,3983
30276,8579	3,3980
30296,8720	3,3980
30316,8862	3,3980
30336,9002	3,3980
30356,9144	3,3977
30376,9284	3,3980
30396,9425	3,3983
30416,9567	3,3977
30436,9706	3,3980
30456,9848	3,3980
30476,9988	3,3980
30497,0130	3,3983
30517,0271	3,3977
30537,0412	3,3977
30557,0553	3,3983
30577,0694	3,3977
30597,0834	3,3980
30617,0986	3,3980
30637,1128	3,3980
30657,1267	3,3977
30677,1409	3,3980
30697,1549	3,3980
30717,1692	3,3980
30737,1832	3,3974
30757,1972	3,3977
30777,2112	3,3977
30797,2255	3,3977
30817,2394	3,3974
30837,2536	3,3977
30857,2678	3,3977
30877,2817	3,3977
30897,2958	3,3977
30917,3100	3,3974
30937,3243	3,3977
30957,3382	3,3977
30977,3522	3,3977
30997,3664	3,3974
31017,3804	3,3977
31037,3945	3,3974
31057,4085	3,3974
31077,4226	3,3974
31097,4368	3,3974
31117,4510	3,3974
31137,4651	3,3974
31157,4791	3,3974
31177,4931	3,3977
31197,5072	3,3974
31217,5213	3,3977
31237,5355	3,3974
31257,5494	3,3971
31277,5637	3,3971
31297,5776	3,3971
31317,5919	3,3971
31337,6058	3,3971
31357,6199	3,3971
31377,6341	3,3971
31397,6481	3,3971
31417,6625	3,3968
31437,6763	3,3971
31457,6914	3,3971
31477,7056	3,3974
31497,7196	3,3968
31517,7337	3,3971
31537,7477	3,3971
31557,7620	3,3968
31577,7761	3,3968
31597,7900	3,3968
31617,8041	3,3971
31637,8182	3,3971
31657,8323	3,3968
31677,8462	3,3968
31697,8607	3,3968
31717,8746	3,3968
31737,8888	3,3968
31757,9029	3,3971
31777,9168	3,3968
31797,9310	3,3965
31817,9451	3,3971
31837,9593	3,3968
31857,9733	3,3968
31877,9873	3,3968
31898,0015	3,3968
31918,0155	3,3965
31938,0297	3,3968
31958,0437	3,3965
31978,0580	3,3968
31998,0720	3,3965
32018,0860	3,3965
32038,1001	3,3965
32058,1143	3,3965
32078,1282	3,3965
32098,1423	3,3962
32118,1564	3,3962
32138,1706	3,3965
32158,1847	3,3962
32178,1987	3,3965
32198,2128	3,3962
32218,2269	3,3962
32238,2415	3,3962
32258,2553	3,3962
32278,2693	3,3962
32298,2832	3,3962
32318,2983	3,3962
32338,3125	3,3962
32358,3265	3,3962
32378,3406	3,3962
32398,3548	3,3962
32418,3691	3,3959
32438,3829	3,3962
32458,3970	3,3962
32478,4112	3,3959
32498,4253	3,3959
32518,4393	3,3959
32538,4534	3,3962
32558,4676	3,3959
32578,4815	3,3959
32598,4958	3,3959
32618,5098	3,3956
32638,5238	3,3959
32658,5381	3,3956
32678,5520	3,3959
32698,5662	3,3956
32718,5803	3,3956
32738,5943	3,3956
32758,6084	3,3956
32778,6226	3,3956
32798,6365	3,3956
32818,6507	3,3956
32838,6649	3,3956
32858,6790	3,3956
32878,6929	3,3956
32898,7070	3,3956
32918,7211	3,3953
32938,7353	3,3959
32958,7492	3,3956
32978,7636	3,3953
32998,7775	3,3956
33018,7916	3,3953
33038,8058	3,3953
33058,8198	3,3953
33078,8338	3,3953
33098,8480	3,3953
33118,8622	3,3949
33138,8763	3,3953
33158,8902	3,3949
33178,9054	3,3949
33198,9195	3,3949
33218,9334	3,3946
33238,9476	3,3953
33258,9619	3,3953
33278,9757	3,3949
33298,9898	3,3949
33319,0040	3,3946
33339,0182	3,3949
33359,0323	3,3949
33379,0462	3,3949
33399,0605	3,3949
33419,0745	3,3943
33439,0886	3,3943
33459,1027	3,3949
33479,1167	3,3946
33499,1309	3,3946
33519,1449	3,3946
33539,1594	3,3946
33559,1731	3,3946
33579,1872	3,3943
33599,2013	3,3943
33619,2151	3,3943
33639,2297	3,3943
33659,2435	3,3946
33679,2577	3,3943
33699,2717	3,3943
33719,2859	3,3946
33739,3002	3,3943
33759,3140	3,3946
33779,3281	3,3943
33799,3422	3,3940
33819,3565	3,3940
33839,3703	3,3943
33859,3846	3,3940
33879,3987	3,3940
33899,4127	3,3943
33919,4268	3,3940
33939,4409	3,3940
33959,4551	3,3937
33979,4690	3,3940
33999,4837	3,3940
34019,4974	3,3937
34039,5124	3,3940
34059,5264	3,3940
34079,5405	3,3937
34099,5547	3,3937
34119,5686	3,3934
34139,5827	3,3937
34159,5968	3,3937
34179,6109	3,3937
34199,6250	3,3937
34219,6392	3,3934
34239,6535	3,3934
34259,6673	3,3937
34279,6814	3,3937
34299,6955	3,3937
34319,7096	3,3937
34339,7237	3,3937
34359,7378	3,3934
34379,7520	3,3934
34399,7662	3,3934
34419,7800	3,3931
34439,7942	3,3931
34459,8083	3,3934
34479,8224	3,3931
34499,8365	3,3931
34519,8507	3,3931
34539,8648	3,3928
34559,8788	3,3931
34579,8926	3,3931
34599,9070	3,3928
34619,9209	3,3931
34639,9351	3,3928
34659,9493	3,3928
34679,9635	3,3928
34699,9773	3,3928
34719,9914	3,3928
34740,0056	3,3928
34760,0196	3,3928
34780,0338	3,3928
34800,0479	3,3925
34820,0620	3,3925
34840,0759	3,3928
34860,0901	3,3925
34880,1051	3,3925
34900,1193	3,3925
34920,1334	3,3925
34940,1476	3,3922
34960,1616	3,3922
34980,1757	3,3922
35000,1898	3,3925
35020,2038	3,3922
35040,2179	3,3922
35060,2319	3,3922
35080,2461	3,3922
35100,2603	3,3925
35120,2742	3,3919
35140,2884	3,3919
35160,3027	3,3919
35180,3165	3,3919
35200,3307	3,3919
35220,3448	3,3919
35240,3587	3,3922
35260,3729	3,3919
35280,3871	3,3919
35300,4011	3,3916
35320,4152	3,3916
35340,4295	3,3916
35360,4436	3,3916
35380,4576	3,3919
35400,4716	3,3916
35420,4857	3,3916
35440,4997	3,3912
35460,5139	3,3916
35480,5279	3,3912
35500,5422	3,3916
35520,5564	3,3916
35540,5703	3,3909
35560,5843	3,3912
35580,5984	3,3912
35600,6125	3,3912
35620,6266	3,3909
35640,6407	3,3912
35660,6549	3,3909
35680,6688	3,3909
35700,6830	3,3909
35720,6971	3,3909
35740,7121	3,3906
35760,7266	3,3909
35780,7404	3,3906
35800,7545	3,3906
35820,7685	3,3906
35840,7825	3,3906
35860,7966	3,3906
35880,8108	3,3906
35900,8248	3,3906
35920,8389	3,3903
35940,8531	3,3903
35960,8672	3,3906
35980,8813	3,3903
36000,8954	3,3906
36020,9095	3,3903
36040,9237	3,3903
36060,9377	3,3900
36080,9517	3,3903
36100,9658	3,3903
36120,9799	3,3903
36140,9941	3,3903
36161,0081	3,3897
36181,0223	3,3897
36201,0362	3,3900
36221,0504	3,3897
36241,0644	3,3897
36261,0785	3,3897
36281,0926	3,3897
36301,1067	3,3897
36321,1210	3,3897
36341,1348	3,3897
36361,1490	3,3894
36381,1630	3,3897
36401,1771	3,3894
36421,1914	3,3894
36441,2054	3,3894
36461,2196	3,3894
36481,2336	3,3894
36501,2477	3,3891
36521,2617	3,3894
36541,2758	3,3894
36561,2898	3,3894
36581,3041	3,3891
36601,3192	3,3894
36621,3332	3,3894
36641,3472	3,3894
36661,3613	3,3891
36681,3754	3,3888
36701,3897	3,3888
36721,4036	3,3888
36741,4179	3,3891
36761,4318	3,3888
36781,4460	3,3885
36801,4600	3,3891
36821,4741	3,3888
36841,4882	3,3885
36861,5023	3,3882
36881,5165	3,3885
36901,5305	3,3888
36921,5446	3,3885
36941,5586	3,3885
36961,5727	3,3882
36981,5868	3,3882
37001,6010	3,3882
37021,6152	3,3882
37041,6291	3,3882
37061,6437	3,3882
37081,6573	3,3882
37101,6714	3,3882
37121,6855	3,3878
37141,6997	3,3882
37161,7140	3,3882
37181,7277	3,3878
37201,7419	3,3878
37221,7559	3,3875
37241,7702	3,3875
37261,7841	3,3878
37281,7983	3,3875
37301,8123	3,3875
37321,8265	3,3872
37341,8406	3,3875
37361,8545	3,3872
37381,8689	3,3875
37401,8828	3,3872
37421,8968	3,3875
37441,9121	3,3875
37461,9260	3,3875
37481,9401	3,3872
37501,9543	3,3869
37521,9685	3,3872
37541,9824	3,3872
37561,9966	3,3869
37582,0106	3,3869
37602,0248	3,3869
37622,0388	3,3869
37642,0529	3,3869
37662,0671	3,3869
37682,0812	3,3869
37702,0951	3,3866
37722,1093	3,3866
37742,1234	3,3869
37762,1375	3,3866
37782,1514	3,3866
37802,1658	3,3866
37822,1797	3,3866
37842,1939	3,3863
37862,2079	3,3863
37882,2220	3,3863
37902,2359	3,3866
37922,2502	3,3863
37942,2644	3,3863
37962,2784	3,3866
37982,2926	3,3863
38002,3065	3,3863
38022,3206	3,3863
38042,3350	3,3863
38062,3488	3,3863
38082,3631	3,3857
38102,3772	3,3860
38122,3911	3,3857
38142,4052	3,3860
38162,4193	3,3860
38182,4333	3,3857
38202,4474	3,3860
38222,4620	3,3857
38242,4756	3,3857
38262,4897	3,3860
38282,5038	3,3857
38302,5190	3,3857
38322,5331	3,3857
38342,5471	3,3857
38362,5615	3,3857
38382,5753	3,3854
38402,5894	3,3857
38422,6034	3,3854
38442,6175	3,3851
38462,6317	3,3854
38482,6458	3,3851
38502,6600	3,3854
38522,6741	3,3851
38542,6880	3,3848
38562,7022	3,3854
38582,7162	3,3851
38602,7303	3,3851
38622,7443	3,3851
38642,7586	3,3848
38662,7726	3,3851
38682,7867	3,3844
38702,8008	3,3848
38722,8149	3,3844
38742,8290	3,3848
38762,8431	3,3848
38782,8573	3,3848
38802,8713	3,3841
38822,8854	3,3844
38842,8995	3,3848
38862,9135	3,3844
38882,9276	3,3844
38902,9417	3,3841
38922,9558	3,3844
38942,9701	3,3844
38962,9840	3,3841
38982,9982	3,3841
39003,0122	3,3841
39023,0262	3,3841
39043,0405	3,3841
39063,0544	3,3841
39083,0687	3,3838
39103,0826	3,3841
39123,0967	3,3841
39143,1110	3,3841
39163,1259	3,3841
39183,1400	3,3838
39203,1540	3,3838
39223,1683	3,3838
39243,1823	3,3838
39263,1964	3,3838
39283,2104	3,3835
39303,2246	3,3841
39323,2386	3,3835
39343,2527	3,3835
39363,2670	3,3835
39383,2810	3,3835
39403,2950	3,3832
39423,3090	3,3835
39443,3232	3,3835
39463,3372	3,3835
39483,3513	3,3835
39503,3657	3,3832
39523,3796	3,3832
39543,3937	3,3832
39563,4077	3,3832
39583,4218	3,3829
39603,4359	3,3832
39623,4501	3,3829
39643,4642	3,3832
39663,4786	3,3832
39683,4922	3,3829
39703,5064	3,3829
39723,5205	3,3826
39743,5347	3,3829
39763,5486	3,3826
39783,5629	3,3826
39803,5769	3,3826
39823,5909	3,3823
39843,6050	3,3826
39863,6193	3,3820
39883,6332	3,3826
39903,6473	3,3826
39923,6614	3,3823
39943,6755	3,3823
39963,6895	3,3826
39983,7038	3,3823
40003,7188	3,3820
40023,7328	3,3826
40043,7470	3,3820
40063,7611	3,3823
40083,7752	3,3820
40103,7894	3,3823
40123,8037	3,3823
40143,8174	3,3820
40163,8315	3,3817
40183,8455	3,3820
40203,8597	3,3817
40223,8737	3,3817
40243,8880	3,3817
40263,9021	3,3817
40283,9161	3,3817
40303,9302	3,3817
40323,9442	3,3817
40343,9584	3,3814
40363,9725	3,3814
40383,9866	3,3814
40404,0007	3,3814
40424,0147	3,3814
40444,0286	3,3814
40464,0429	3,3814
40484,0578	3,3807
40504,0711	3,3810
40524,0853	3,3810
40544,0992	3,3810
40564,1133	3,3810
40584,1275	3,3807
40604,1416	3,3807
40624,1556	3,3807
40644,1696	3,3807
40664,1840	3,3807
40684,1981	3,3807
40704,2120	3,3807
40724,2262	3,3801
40744,2403	3,3804
40764,2543	3,3804
40784,2683	3,3807
40804,2707	3,3801
40824,2809	3,3801
40844,2950	3,3801
40864,3102	3,3798
40884,3244	3,3801
40904,3383	3,3798
40924,3524	3,3798
40944,3665	3,3801
40964,3808	3,3795
40984,3946	3,3795
41004,4088	3,3795
41024,4230	3,3795
41044,4368	3,3798
41064,4510	3,3795
41084,4652	3,3792
41104,4792	3,3795
41124,4934	3,3795
41144,5075	3,3795
41164,5217	3,3792
41184,5355	3,3795
41204,5498	3,3792
41224,5638	3,3792
41244,5778	3,3792
41264,5920	3,3792
41284,6061	3,3792
41304,6202	3,3792
41324,6342	3,3789
41344,6484	3,3789
41364,6625	3,3789
41384,6765	3,3792
41404,6906	3,3786
41424,7045	3,3786
41444,7191	3,3786
41464,7330	3,3786
41484,7470	3,3786
41504,7610	3,3786
41524,7752	3,3783
41544,7893	3,3783
41564,8034	3,3783
41584,8175	3,3783
41604,8315	3,3780
41624,8456	3,3783
41644,8597	3,3780
41664,8738	3,3777
41684,8878	3,3780
41704,9020	3,3777
41724,9172	3,3777
41744,9312	3,3777
41764,9453	3,3777
41784,9593	3,3773
41804,9735	3,3770
41824,9875	3,3773
41845,0024	3,3773
41865,0161	3,3770
41885,0300	3,3770
41905,0440	3,3770
41925,0579	3,3770
41945,0721	3,3770
41965,0863	3,3770
41985,1004	3,3770
42005,1145	3,3767
42025,1284	3,3770
42045,1426	3,3764
42065,1567	3,3767
42085,1707	3,3764
42105,1849	3,3767
42125,1989	3,3764
42145,2130	3,3761
42165,2273	3,3761
42185,2413	3,3764
42205,2552	3,3761
42225,2694	3,3761
42245,2834	3,3758
42265,2980	3,3761
42285,3116	3,3758
42305,3259	3,3758
42325,3397	3,3758
42345,3539	3,3758
42365,3681	3,3755
42385,3821	3,3755
42405,3962	3,3752
42425,4105	3,3755
42445,4246	3,3752
42465,4386	3,3752
42485,4526	3,3749
42505,4668	3,3749
42525,4807	3,3749
42545,4949	3,3749
42565,5089	3,3749
42585,5242	3,3752
42605,5382	3,3746
42625,5522	3,3746
42645,5664	3,3746
42665,5803	3,3746
42685,5946	3,3746
42705,6086	3,3743
42725,6229	3,3743
42745,6369	3,3743
42765,6508	3,3743
42785,6651	3,3739
42805,6790	3,3736
42825,6931	3,3739
42845,7073	3,3736
42865,7215	3,3733
42885,7354	3,3736
42905,7496	3,3736
42925,7636	3,3733
42945,7777	3,3736
42965,7917	3,3733
42985,8059	3,3733
43005,8200	3,3730
43025,8342	3,3730
43045,8482	3,3730
43065,8622	3,3730
43085,8763	3,3730
43105,8904	3,3727
43125,9046	3,3724
43145,9188	3,3724
43165,9328	3,3724
43185,9469	3,3721
43205,9610	3,3721
43225,9750	3,3721
43245,9891	3,3718
43266,0032	3,3721
43286,0174	3,3721
43306,0314	3,3715
43326,0454	3,3718
43346,0596	3,3715
43366,0737	3,3715
43386,0878	3,3712
43406,1023	3,3715
43426,1170	3,3709
43446,1308	3,3709
43466,1452	3,3712
43486,1592	3,3709
43506,1734	3,3705
43526,1874	3,3709
43546,2015	3,3705
43566,2160	3,3705
43586,2297	3,3705
43606,2438	3,3702
43626,2578	3,3702
43646,2720	3,3699
43666,2860	3,3699
43686,3001	3,3699
43706,3141	3,3696
43726,3285	3,3696
43746,3424	3,3696
43766,3564	3,3696
43786,3706	3,3696
43806,3846	3,3696
43826,3987	3,3693
43846,4130	3,3693
43866,4271	3,3690
43886,4410	3,3690
43906,4552	3,3690
43926,4692	3,3690
43946,4833	3,3687
43966,4975	3,3687
43986,5115	3,3684
44006,5257	3,3684
44026,5397	3,3684
44046,5538	3,3684
44066,5678	3,3681
44086,5821	3,3678
44106,5961	3,3681
44126,6103	3,3681
44146,6244	3,3678
44166,6384	3,3675
44186,6525	3,3675
44206,6665	3,3671
44226,6806	3,3671
44246,6947	3,3668
44266,7089	3,3668
44286,7240	3,3668
44306,7379	3,3668
44326,7520	3,3665
44346,7662	3,3665
44366,7803	3,3662
44386,7943	3,3662
44406,8083	3,3665
44426,8227	3,3662
44446,8366	3,3659
44466,8508	3,3659
44486,8647	3,3656
44506,8790	3,3656
44526,8932	3,3656
44546,9071	3,3653
44566,9213	3,3653
44586,9352	3,3647
44606,9493	3,3650
44626,9634	3,3650
44646,9775	3,3647
44666,9917	3,3644
44687,0058	3,3647
44707,0199	3,3644
44727,0339	3,3641
44747,0479	3,3644
44767,0621	3,3641
44787,0762	3,3637
44807,0905	3,3637
44827,1044	3,3637
44847,1186	3,3634
44867,1330	3,3634
44887,1467	3,3631
44907,1607	3,3631
44927,1748	3,3628
44947,1890	3,3628
44967,2030	3,3625
44987,2173	3,3625
45007,2312	3,3622
45027,2455	3,3622
45047,2593	3,3622
45067,2734	3,3619
45087,2875	3,3619
45107,3017	3,3619
45127,3159	3,3610
45147,3308	3,3613
45167,3450	3,3610
45187,3591	3,3610
45207,3732	3,3610
45227,3872	3,3610
45247,4013	3,3607
45267,4156	3,3600
45287,4295	3,3600
45307,4435	3,3600
45327,4576	3,3600
45347,4718	3,3594
45367,4858	3,3594
45387,4999	3,3594
45407,5142	3,3594
45427,5281	3,3588
45447,5422	3,3588
45467,5564	3,3588
45487,5705	3,3585
45507,5845	3,3582
45527,5987	3,3582
45547,6128	3,3579
45567,6268	3,3579
45587,6410	3,3576
45607,6550	3,3576
45627,6690	3,3570
45647,6832	3,3570
45667,6972	3,3570
45687,7114	3,3566
45707,7254	3,3566
45727,7396	3,3560
45747,7535	3,3557
45767,7678	3,3557
45787,7818	3,3554
45807,7959	3,3554
45827,8101	3,3551
45847,8240	3,3548
45867,8382	3,3548
45887,8525	3,3545
45907,8664	3,3542
45927,8804	3,3539
45947,8946	3,3539
45967,9086	3,3536
45987,9238	3,3532
46007,9378	3,3529
46027,9519	3,3529
46047,9660	3,3523
46067,9802	3,3523
46087,9942	3,3520
46108,0082	3,3520
46128,0225	3,3514
46148,0366	3,3514
46168,0509	3,3511
46188,0646	3,3505
46208,0787	3,3505
46228,0928	3,3498
46248,1069	3,3498
46268,1212	3,3495
46288,1351	3,3489
46308,1495	3,3489
46328,1632	3,3486
46348,1773	3,3483
46368,1913	3,3480
46388,2055	3,3477
46408,2199	3,3474
46428,2337	3,3471
46448,2478	3,3468
46468,2620	3,3461
46488,2760	3,3458
46508,2902	3,3455
46528,3041	3,3452
46548,3185	3,3449
46568,3326	3,3446
46588,3465	3,3443
46608,3607	3,3440
46628,3746	3,3434
46648,3887	3,3431
46668,4029	3,3424
46688,4171	3,3421
46708,4311	3,3418
46728,4452	3,3412
46748,4593	3,3409
46768,4732	3,3409
46788,4874	3,3400
46808,5015	3,3397
46828,5160	3,3393
46848,5307	3,3387
46868,5448	3,3381
46888,5589	3,3381
46908,5737	3,3375
46928,5870	3,3372
46948,6012	3,3366
46968,6154	3,3363
46988,6294	3,3353
47008,6434	3,3347
47028,6575	3,3347
47048,6716	3,3341
47068,6856	3,3332
47088,7000	3,3332
47108,7140	3,3325
47128,7280	3,3319
47148,7422	3,3313
47168,7561	3,3307
47188,7703	3,3301
47208,7844	3,3295
47228,7985	3,3288
47248,8126	3,3282
47268,8265	3,3276
47288,8407	3,3267
47308,8548	3,3264
47328,8690	3,3261
47348,8829	3,3251
47368,8971	3,3245
47388,9113	3,3239
47408,9252	3,3233
47428,9393	3,3224
47448,9535	3,3217
47468,9679	3,3205
47488,9816	3,3202
47508,9958	3,3199
47529,0098	3,3193
47549,0240	3,3183
47569,0380	3,3174
47589,0521	3,3168
47609,0661	3,3159
47629,0803	3,3152
47649,0943	3,3146
47669,1086	3,3137
47689,1226	3,3128
47709,1377	3,3115
47729,1518	3,3112
47749,1658	3,3100
47769,1799	3,3094
47789,1940	3,3084
47809,2083	3,3075
47829,2222	3,3069
47849,2363	3,3054
47869,2503	3,3051
47889,2644	3,3038
47909,2785	3,3029
47929,2926	3,3020
47949,3068	3,3007
47969,3209	3,3001
47989,3349	3,2989
48009,3491	3,2979
48029,3632	3,2970
48049,3772	3,2958
48069,3913	3,2949
48089,4056	3,2939
48109,4195	3,2930
48129,4335	3,2918
48149,4477	3,2905
48169,4618	3,2899
48189,4760	3,2890
48209,4900	3,2878
48229,5042	3,2865
48249,5181	3,2856
48269,5322	3,2847
48289,5463	3,2837
48309,5604	3,2828
48329,5746	3,2816
48349,5886	3,2806
48369,6028	3,2800
48389,6167	3,2785
48409,6308	3,2776
48429,6451	3,2766
48449,6590	3,2757
48469,6731	3,2748
48489,6872	3,2735
48509,7015	3,2729
48529,7154	3,2720
48549,7306	3,2708
48569,7447	3,2698
48589,7587	3,2689
48609,7728	3,2680
48629,7868	3,2671
48649,8011	3,2661
48669,8151	3,2655
48689,8292	3,2643
48709,8432	3,2637
48729,8573	3,2627
48749,8715	3,2618
48769,8857	3,2609
48789,8998	3,2603
48809,9138	3,2593
48829,9278	3,2584
48849,9421	3,2575
48869,9560	3,2562
48889,9700	3,2559
48909,9842	3,2550
48929,9984	3,2544
48950,0123	3,2535
48970,0265	3,2528
48990,0406	3,2519
49010,0547	3,2510
49030,0687	3,2501
49050,0828	3,2491
49070,0971	3,2488
49090,1110	3,2479
49110,1252	3,2473
49130,1392	3,2464
49150,1534	3,2457
49170,1676	3,2448
49190,1815	3,2439
49210,1957	3,2436
49230,2097	3,2426
49250,2238	3,2414
49270,2380	3,2411
49290,2519	3,2405
49310,2660	3,2396
49330,2800	3,2389
49350,2943	3,2383
49370,3084	3,2377
49390,3224	3,2368
49410,3376	3,2359
49430,3515	3,2352
49450,3656	3,2346
49470,3799	3,2340
49490,3940	3,2334
49510,4079	3,2328
49530,4223	3,2318
49550,4361	3,2312
49570,4502	3,2303
49590,4643	3,2300
49610,4783	3,2291
49630,4926	3,2284
49650,5067	3,2278
49670,5206	3,2272
49690,5347	3,2263
49710,5488	3,2257
49730,5630	3,2250
49750,5771	3,2244
49770,5913	3,2238
49790,6053	3,2232
49810,6194	3,2226
49830,6334	3,2216
49850,6475	3,2213
49870,6616	3,2204
49890,6757	3,2201
49910,6897	3,2192
49930,7040	3,2186
49950,7180	3,2186
49970,7320	3,2176
49990,7461	3,2167
50010,7602	3,2161
50030,7743	3,2158
50050,7885	3,2148
50070,8028	3,2145
50090,8166	3,2136
50110,8307	3,2133
50130,8448	3,2121
50150,8589	3,2118
50170,8729	3,2111
50190,8872	3,2105
50210,9012	3,2102
50230,9152	3,2093
50250,9303	3,2090
50270,9444	3,2077
50290,9585	3,2074
50310,9726	3,2071
50330,9867	3,2065
50351,0010	3,2056
50371,0149	3,2053
50391,0290	3,2043
50411,0430	3,2040
50431,0571	3,2034
50451,0713	3,2028
50471,0854	3,2022
50491,0996	3,2013
50511,1136	3,2009
50531,1276	3,2000
50551,1418	3,1997
50571,1560	3,1991
50591,1700	3,1985
50611,1841	3,1979
50631,1982	3,1972
50651,2123	3,1966
50671,2263	3,1963
50691,2403	3,1957
50711,2544	3,1951
50731,2687	3,1941
50751,2826	3,1938
50771,2968	3,1932
50791,3109	3,1926
50811,3250	3,1920
50831,3390	3,1917
50851,3531	3,1907
50871,3674	3,1904
50891,3812	3,1895
50911,3952	3,1892
50931,4095	3,1886
50951,4235	3,1880
50971,4376	3,1877
50991,4518	3,1867
51011,4658	3,1861
51031,4801	3,1855
51051,4942	3,1852
51071,5081	3,1843
51091,5223	3,1840
51111,5372	3,1833
51131,5514	3,1827
51151,5656	3,1818
51171,5797	3,1815
51191,5938	3,1812
51211,6078	3,1802
51231,6218	3,1796
51251,6360	3,1793
51271,6500	3,1787
51291,6641	3,1775
51311,6782	3,1772
51331,6925	3,1768
51351,7064	3,1762
51371,7210	3,1756
51391,7346	3,1747
51411,7487	3,1741
51431,7628	3,1741
51451,7769	3,1731
51471,7912	3,1728
51491,8051	3,1719
51511,8191	3,1713
51531,8333	3,1710
51551,8476	3,1704
51571,8613	3,1697
51591,8754	3,1691
51611,8898	3,1685
51631,8989	3,1679
51651,9003	3,1670
51671,9067	3,1667
51691,9082	3,1660
51711,9106	3,1654
51731,9199	3,1648
51751,9294	3,1642
51771,9357	3,1633
51791,9381	3,1623
51811,9522	3,1620
51831,9664	3,1617
51851,9804	3,1611
51871,9946	3,1605
51892,0086	3,1595
51912,0227	3,1592
51932,0368	3,1583
51952,0509	3,1580
51972,0660	3,1574
51992,0801	3,1568
52012,0945	3,1561
52032,1083	3,1555
52052,1223	3,1549
52072,1365	3,1543
52092,1506	3,1537
52112,1647	3,1531
52132,1788	3,1524
52152,1930	3,1518
52172,2071	3,1509
52192,2210	3,1506
52212,2352	3,1500
52232,2492	3,1490
52252,2633	3,1484
52272,2776	3,1478
52292,2917	3,1472
52312,3057	3,1466
52332,3197	3,1456
52352,3338	3,1456
52372,3479	3,1444
52392,3620	3,1441
52412,3761	3,1432
52432,3903	3,1422
52452,4043	3,1422
52472,4184	3,1413
52492,4324	3,1407
52512,4466	3,1398
52532,4606	3,1392
52552,4747	3,1382
52572,4890	3,1379
52592,5030	3,1370
52612,5170	3,1361
52632,5311	3,1358
52652,5452	3,1348
52672,5592	3,1342
52692,5735	3,1336
52712,5876	3,1324
52732,6017	3,1317
52752,6157	3,1311
52772,6297	3,1302
52792,6441	3,1296
52812,6590	3,1287
52832,6730	3,1277
52852,6873	3,1271
52872,7013	3,1262
52892,7153	3,1259
52912,7295	3,1246
52932,7435	3,1240
52952,7577	3,1228
52972,7717	3,1222
52992,7862	3,1215
53012,7999	3,1203
53032,8139	3,1197
53052,8293	3,1188
53072,8422	3,1175
53092,8561	3,1169
53112,8705	3,1163
53132,8845	3,1151
53152,8985	3,1138
53172,9126	3,1129
53192,9267	3,1120
53212,9407	3,1110
53232,9550	3,1098
53252,9689	3,1089
53272,9832	3,1080
53292,9971	3,1070
53313,0112	3,1058
53333,0253	3,1049
53353,0395	3,1036
53373,0535	3,1024
53393,0677	3,1015
53413,0819	3,1005
53433,0956	3,0993
53453,1100	3,0981
53473,1241	3,0968
53493,1380	3,0956
53513,1522	3,0950
53533,1662	3,0931
53553,1805	3,0922
53573,1944	3,0910
53593,2085	3,0897
53613,2226	3,0885
53633,2367	3,0873
53653,2508	3,0857
53673,2659	3,0845
53693,2801	3,0829
53713,2942	3,0820
53733,3081	3,0808
53753,3224	3,0795
53773,3363	3,0780
53793,3505	3,0764
53813,3645	3,0752
53833,3787	3,0737
53853,3927	3,0724
53873,4068	3,0709
53893,4209	3,0693
53913,4350	3,0681
53933,4491	3,0666
53953,4632	3,0653
53973,4774	3,0635
53993,4914	3,0625
54013,5054	3,0607
54033,5199	3,0595
54053,5337	3,0576
54073,5478	3,0561
54093,5619	3,0548
54113,5762	3,0530
54133,5900	3,0517
54153,6041	3,0499
54173,6182	3,0483
54193,6324	3,0468
54213,6465	3,0452
54233,6606	3,0434
54253,6747	3,0418
54273,6887	3,0403
54293,7028	3,0384
54313,7171	3,0372
54333,7310	3,0354
54353,7450	3,0335
54373,7592	3,0316
54393,7733	3,0301
54413,7870	3,0283
54433,8014	3,0264
54453,8154	3,0249
54473,8296	3,0233
54493,8438	3,0211
54513,8587	3,0196
54533,8731	3,0177
54553,8871	3,0159
54573,9011	3,0137
54593,9151	3,0122
54613,9292	3,0103
54633,9433	3,0085
54653,9574	3,0066
54673,9717	3,0042
54693,9856	3,0026
54713,9997	3,0011
54722,2831	2,9998
