t/s	U/V
0,000	4,289
0,078	4,283
0,421	4,278
1,700	4,273
5,163	4,268
11,325	4,262
20,903	4,257
34,973	4,252
53,427	4,247
73,441	4,242
93,455	4,238
113,468	4,235
133,482	4,232
153,496	4,229
173,509	4,226
193,524	4,224
213,537	4,221
233,551	4,219
253,565	4,217
273,578	4,215
293,592	4,214
313,606	4,211
333,620	4,210
353,633	4,208
373,647	4,207
393,661	4,205
413,674	4,203
433,688	4,203
453,702	4,201
473,716	4,200
493,729	4,199
513,743	4,198
533,757	4,197
553,771	4,196
573,784	4,194
593,798	4,193
613,812	4,193
633,826	4,192
653,840	4,191
673,853	4,190
693,867	4,189
713,881	4,189
733,894	4,188
753,908	4,187
773,922	4,186
793,936	4,186
813,949	4,186
833,963	4,185
853,977	4,184
873,991	4,184
894,004	4,183
914,018	4,183
934,032	4,182
954,046	4,182
974,059	4,181
994,073	4,181
1014,087	4,181
1034,101	4,180
1054,114	4,180
1074,128	4,179
1094,142	4,179
1114,155	4,179
1134,169	4,179
1154,183	4,178
1174,197	4,178
1194,210	4,178
1214,224	4,178
1234,238	4,177
1254,252	4,177
1274,265	4,177
1294,279	4,177
1314,293	4,176
1334,307	4,176
1354,320	4,175
1374,334	4,175
1394,348	4,175
1414,362	4,175
1434,375	4,175
1454,389	4,174
1474,403	4,174
1494,417	4,174
1514,430	4,174
1534,444	4,174
1554,458	4,174
1574,471	4,174
1594,485	4,173
1614,499	4,173
1634,513	4,173
1654,526	4,173
1674,540	4,173
1694,554	4,173
1714,568	4,172
1734,581	4,172
1754,595	4,172
1774,609	4,172
1794,623	4,172
1814,637	4,172
1834,650	4,172
1854,664	4,171
1874,678	4,171
1894,691	4,171
1914,705	4,171
1934,719	4,171
1954,733	4,171
1974,746	4,170
1994,760	4,171
2014,774	4,170
2034,788	4,170
2054,801	4,170
2074,815	4,170
2094,829	4,170
2114,843	4,170
2134,856	4,170
2154,870	4,170
2174,884	4,170
2194,897	4,170
2214,911	4,170
2234,925	4,169
2254,939	4,169
2274,952	4,169
2294,966	4,169
2314,980	4,169
2334,994	4,169
2355,008	4,169
2375,021	4,169
2395,035	4,169
2415,049	4,169
2435,062	4,169
2455,076	4,169
2475,090	4,168
2495,104	4,168
2515,117	4,168
2535,131	4,169
2555,145	4,168
2575,159	4,168
2595,172	4,168
2615,186	4,168
2635,200	4,168
2655,214	4,168
2675,227	4,168
2695,241	4,168
2715,255	4,168
2735,268	4,168
2755,282	4,168
2775,296	4,168
2795,310	4,167
2815,323	4,167
2835,337	4,167
2855,351	4,167
2875,365	4,167
2895,378	4,167
2915,392	4,167
2935,406	4,167
2955,420	4,167
2975,433	4,167
2995,447	4,167
3015,461	4,167
3035,475	4,167
3055,488	4,167
3075,502	4,166
3095,516	4,167
3115,530	4,166
3135,543	4,166
3155,557	4,166
3175,571	4,166
3195,585	4,166
3215,598	4,166
3235,612	4,166
3255,626	4,166
3275,640	4,166
3295,653	4,166
3315,667	4,166
3335,681	4,166
3355,694	4,166
3375,708	4,166
3395,722	4,166
3415,736	4,166
3435,750	4,166
3455,763	4,165
3475,777	4,166
3495,791	4,166
3515,804	4,166
3535,818	4,166
3555,832	4,165
3575,846	4,165
3595,859	4,166
3615,873	4,165
3635,887	4,165
3655,901	4,165
3675,914	4,165
3695,928	4,166
3715,942	4,165
3735,956	4,165
3755,970	4,165
3775,983	4,165
3795,997	4,165
3816,011	4,165
3836,024	4,165
3856,038	4,165
3876,052	4,165
3896,066	4,165
3916,079	4,165
3936,093	4,165
3956,107	4,165
3976,120	4,165
3996,134	4,165
4016,148	4,165
4036,162	4,165
4056,175	4,165
4076,189	4,165
4096,203	4,165
4116,217	4,165
4136,230	4,165
4156,244	4,165
4176,258	4,165
4196,272	4,165
4216,285	4,165
4236,299	4,165
4256,313	4,165
4276,327	4,165
4296,340	4,165
4316,354	4,165
4336,368	4,165
4356,382	4,165
4376,396	4,165
4396,409	4,164
4416,423	4,164
4436,437	4,164
4456,450	4,164
4476,464	4,164
4496,478	4,164
4516,492	4,164
4536,505	4,164
4556,519	4,165
4576,533	4,164
4596,547	4,165
4616,560	4,164
4636,574	4,164
4656,588	4,164
4676,601	4,164
4696,615	4,164
4716,629	4,164
4736,643	4,164
4756,656	4,164
4776,670	4,164
4796,684	4,164
4816,698	4,164
4836,711	4,164
4856,725	4,164
4876,739	4,164
4896,753	4,163
4916,767	4,164
4936,780	4,164
4956,794	4,164
4976,808	4,164
4996,821	4,163
5016,835	4,164
5036,849	4,164
5056,863	4,164
5076,876	4,164
5096,890	4,163
5116,904	4,164
5136,917	4,164
5156,931	4,163
5176,945	4,164
5196,959	4,163
5216,972	4,164
5236,986	4,163
5257,000	4,163
5277,014	4,163
5297,027	4,163
5317,041	4,163
5337,055	4,163
5357,069	4,163
5377,082	4,163
5397,096	4,163
5417,110	4,163
5437,124	4,163
5457,137	4,163
5477,151	4,163
5497,165	4,163
5517,179	4,163
5537,192	4,163
5557,206	4,163
5577,220	4,163
5597,234	4,163
5617,247	4,163
5637,261	4,163
5657,275	4,163
5677,289	4,163
5697,302	4,163
5717,316	4,163
5737,330	4,163
5757,344	4,163
5777,357	4,163
5797,371	4,163
5817,385	4,163
5837,398	4,163
5857,412	4,163
5877,426	4,163
5897,440	4,163
5917,453	4,163
5937,467	4,162
5957,481	4,163
5977,495	4,163
5997,508	4,163
6017,522	4,162
6037,536	4,163
6057,550	4,163
6077,563	4,162
6097,577	4,162
6117,591	4,162
6137,605	4,162
6157,618	4,163
6177,632	4,163
6197,646	4,163
6217,660	4,162
6237,673	4,163
6257,687	4,162
6277,701	4,162
6297,715	4,162
6317,728	4,162
6337,742	4,162
6357,756	4,162
6377,769	4,162
6397,783	4,162
6417,797	4,162
6437,811	4,162
6457,825	4,162
6477,838	4,162
6497,852	4,162
6517,866	4,162
6537,879	4,162
6557,893	4,162
6577,907	4,162
6597,921	4,162
6617,934	4,162
6637,948	4,162
6657,962	4,162
6677,976	4,162
6697,989	4,162
6718,003	4,162
6738,017	4,161
6758,031	4,162
6778,044	4,161
6798,058	4,162
6818,072	4,162
6838,086	4,161
6858,099	4,162
6878,113	4,162
6898,127	4,162
6918,141	4,161
6938,154	4,161
6958,168	4,161
6978,182	4,162
6998,196	4,162
7018,209	4,161
7038,223	4,162
7058,237	4,161
7078,251	4,161
7098,264	4,162
7118,278	4,161
7138,292	4,161
7158,306	4,161
7178,319	4,161
7198,333	4,161
7218,347	4,161
7238,360	4,161
7258,374	4,161
7278,388	4,161
7298,402	4,161
7318,415	4,161
7338,429	4,161
7358,443	4,161
7378,457	4,161
7398,470	4,161
7418,484	4,161
7438,498	4,161
7458,511	4,161
7478,525	4,161
7498,539	4,161
7518,553	4,161
7538,567	4,161
7558,580	4,161
7578,594	4,161
7598,608	4,161
7618,622	4,161
7638,635	4,161
7658,649	4,161
7678,663	4,161
7698,676	4,161
7718,690	4,161
7738,704	4,161
7758,718	4,161
7778,731	4,161
7798,745	4,161
7818,759	4,161
7838,773	4,161
7858,786	4,161
7878,800	4,161
7898,814	4,161
7918,828	4,161
7938,841	4,161
7958,855	4,160
7978,869	4,161
7998,883	4,161
8018,896	4,160
8038,910	4,161
8058,924	4,160
8078,937	4,160
8098,951	4,160
8118,965	4,160
8138,979	4,160
8158,993	4,160
8179,006	4,160
8199,020	4,160
8219,034	4,160
8239,047	4,160
8259,061	4,160
8279,075	4,160
8299,089	4,160
8319,103	4,160
8339,116	4,160
8359,130	4,160
8379,144	4,160
8399,157	4,160
8419,171	4,160
8439,185	4,160
8459,199	4,160
8479,212	4,160
8499,226	4,160
8519,240	4,160
8539,254	4,160
8559,267	4,160
8579,281	4,160
8599,295	4,160
8619,309	4,160
8639,322	4,160
8659,336	4,160
8679,350	4,160
8699,364	4,160
8719,377	4,160
8739,391	4,160
8759,405	4,160
8779,418	4,160
8799,432	4,160
8819,446	4,159
8839,460	4,160
8859,473	4,159
8879,487	4,160
8899,501	4,160
8919,515	4,159
8939,528	4,160
8959,542	4,160
8979,556	4,159
8999,570	4,159
9019,583	4,159
9039,597	4,159
9059,611	4,160
9079,625	4,159
9099,638	4,159
9119,652	4,159
9139,666	4,159
9159,679	4,159
9179,693	4,159
9199,707	4,159
9219,721	4,159
9239,735	4,159
9259,748	4,159
9279,762	4,159
9299,776	4,159
9319,790	4,159
9339,803	4,159
9359,817	4,159
9379,831	4,159
9399,844	4,159
9419,858	4,159
9439,872	4,158
9459,886	4,158
9479,899	4,159
9499,913	4,158
9519,927	4,158
9539,941	4,159
9559,954	4,158
9579,968	4,158
9599,982	4,158
9619,996	4,158
9640,009	4,158
9660,023	4,158
9680,037	4,158
9700,050	4,158
9720,064	4,158
9740,078	4,158
9760,092	4,158
9780,106	4,158
9800,119	4,158
9820,133	4,158
9840,147	4,158
9860,161	4,158
9880,174	4,158
9900,188	4,157
9920,202	4,158
9940,215	4,158
9960,229	4,158
9980,243	4,158
10000,257	4,158
10020,270	4,157
10040,284	4,158
10060,298	4,158
10080,312	4,157
10100,325	4,158
10120,339	4,157
10140,353	4,157
10160,367	4,157
10180,380	4,157
10200,394	4,157
10220,408	4,157
10240,422	4,157
10260,435	4,157
10280,449	4,157
10300,463	4,157
10320,477	4,157
10340,490	4,157
10360,504	4,157
10380,518	4,157
10400,532	4,157
10420,546	4,157
10440,559	4,157
10460,573	4,157
10480,587	4,157
10500,600	4,157
10520,614	4,157
10540,628	4,157
10560,641	4,157
10580,655	4,157
10600,669	4,157
10620,683	4,157
10640,697	4,157
10660,710	4,157
10680,724	4,157
10700,738	4,157
10720,751	4,157
10740,765	4,156
10760,779	4,156
10780,793	4,156
10800,806	4,156
10820,820	4,156
10840,834	4,156
10860,848	4,156
10880,861	4,156
10900,875	4,156
10920,889	4,156
10940,903	4,156
10960,916	4,156
10980,930	4,156
11000,944	4,156
11020,958	4,156
11040,971	4,156
11060,985	4,156
11080,999	4,156
11101,013	4,156
11121,026	4,155
11141,040	4,155
11161,054	4,155
11181,068	4,155
11201,081	4,155
11221,095	4,155
11241,109	4,155
11261,123	4,155
11281,136	4,155
11301,150	4,155
11321,164	4,155
11341,177	4,155
11361,191	4,155
11381,205	4,155
11401,219	4,155
11421,232	4,155
11441,246	4,155
11461,260	4,155
11481,274	4,154
11501,287	4,154
11521,301	4,155
11541,315	4,155
11561,329	4,154
11581,342	4,154
11601,356	4,154
11621,370	4,154
11641,384	4,154
11661,397	4,154
11681,411	4,154
11701,425	4,154
11721,439	4,154
11741,452	4,154
11761,466	4,154
11781,480	4,154
11801,494	4,154
11821,507	4,153
11841,521	4,154
11861,535	4,154
11881,549	4,153
11901,562	4,154
11921,576	4,154
11941,590	4,153
11961,603	4,153
11981,617	4,153
12001,631	4,153
12021,645	4,153
12041,658	4,153
12061,672	4,153
12081,686	4,153
12101,700	4,153
12121,713	4,153
12141,727	4,153
12161,741	4,153
12181,755	4,153
12201,768	4,153
12221,782	4,153
12241,796	4,153
12261,810	4,153
12281,823	4,153
12301,837	4,153
12321,851	4,152
12341,865	4,152
12361,879	4,152
12381,892	4,152
12401,906	4,152
12421,920	4,152
12441,933	4,152
12461,947	4,152
12481,961	4,152
12501,975	4,152
12521,988	4,151
12542,002	4,151
12562,016	4,152
12582,029	4,151
12602,043	4,151
12622,057	4,151
12642,071	4,151
12662,084	4,151
12682,098	4,151
12702,112	4,151
12722,126	4,151
12742,139	4,150
12762,153	4,150
12782,167	4,150
12802,181	4,150
12822,194	4,150
12842,208	4,150
12862,222	4,150
12882,236	4,150
12902,249	4,150
12922,263	4,150
12942,277	4,150
12962,291	4,150
12982,304	4,150
13002,318	4,150
13022,332	4,150
13042,345	4,150
13062,359	4,150
13082,373	4,150
13102,387	4,149
13122,400	4,149
13142,414	4,149
13162,428	4,149
13182,442	4,149
13202,456	4,149
13222,469	4,149
13242,483	4,149
13262,497	4,149
13282,511	4,148
13302,524	4,148
13322,538	4,148
13342,552	4,148
13362,565	4,148
13382,579	4,148
13402,593	4,148
13422,607	4,148
13442,620	4,148
13462,634	4,148
13482,648	4,148
13502,662	4,148
13522,675	4,148
13542,689	4,148
13562,703	4,147
13582,717	4,148
13602,730	4,148
13622,744	4,147
13642,758	4,147
13662,772	4,147
13682,785	4,147
13702,799	4,147
13722,813	4,147
13742,826	4,147
13762,840	4,146
13782,854	4,147
13802,868	4,146
13822,881	4,146
13842,895	4,146
13862,909	4,146
13882,923	4,146
13902,936	4,146
13922,950	4,145
13942,964	4,146
13962,978	4,145
13982,991	4,145
14003,005	4,145
14023,019	4,145
14043,033	4,145
14063,046	4,145
14083,060	4,145
14103,074	4,145
14123,088	4,144
14143,101	4,144
14163,115	4,144
14183,129	4,144
14203,143	4,144
14223,156	4,144
14243,170	4,144
14263,184	4,144
14283,198	4,143
14303,211	4,143
14323,225	4,143
14343,239	4,143
14363,253	4,143
14383,266	4,143
14403,280	4,143
14423,294	4,143
14443,307	4,143
14463,321	4,142
14483,335	4,142
14503,349	4,142
14523,362	4,142
14543,376	4,142
14563,390	4,142
14583,404	4,141
14603,418	4,141
14623,431	4,141
14643,445	4,141
14663,459	4,141
14683,472	4,140
14703,486	4,140
14723,500	4,140
14743,513	4,140
14763,527	4,140
14783,541	4,140
14803,555	4,140
14823,569	4,140
14843,582	4,140
14863,596	4,140
14883,610	4,140
14903,623	4,139
14923,637	4,139
14943,651	4,139
14963,665	4,139
14983,678	4,138
15003,692	4,138
15023,706	4,138
15043,720	4,138
15063,733	4,138
15083,747	4,137
15103,761	4,137
15123,775	4,137
15143,788	4,137
15163,802	4,137
15183,816	4,137
15203,830	4,137
15223,843	4,136
15243,857	4,136
15263,871	4,136
15283,885	4,136
15303,898	4,136
15323,912	4,136
15343,926	4,135
15363,940	4,135
15383,953	4,135
15403,967	4,135
15423,981	4,135
15443,995	4,135
15464,008	4,134
15484,022	4,134
15504,036	4,134
15524,050	4,134
15544,063	4,134
15564,077	4,133
15584,091	4,133
15604,104	4,133
15624,119	4,133
15644,132	4,132
15664,146	4,132
15684,159	4,132
15704,173	4,132
15724,187	4,132
15744,201	4,132
15764,214	4,131
15784,228	4,131
15804,242	4,131
15824,256	4,130
15844,269	4,130
15864,283	4,130
15884,297	4,130
15904,311	4,130
15924,324	4,130
15944,338	4,130
15964,352	4,129
15984,366	4,129
16004,379	4,128
16024,393	4,128
16044,407	4,128
16064,421	4,127
16084,434	4,127
16104,448	4,127
16124,462	4,127
16144,475	4,127
16164,489	4,127
16184,503	4,127
16204,517	4,126
16224,530	4,126
16244,544	4,125
16264,558	4,125
16284,572	4,125
16304,585	4,124
16324,599	4,124
16344,613	4,124
16364,627	4,124
16384,640	4,123
16404,654	4,123
16424,668	4,123
16444,682	4,122
16464,695	4,122
16484,709	4,122
16504,723	4,121
16524,737	4,121
16544,750	4,121
16564,764	4,121
16584,778	4,120
16604,792	4,119
16624,805	4,119
16644,819	4,119
16664,833	4,119
16684,847	4,118
16704,860	4,118
16724,874	4,118
16744,888	4,117
16764,902	4,117
16784,915	4,116
16804,929	4,116
16824,943	4,116
16844,956	4,115
16864,970	4,115
16884,984	4,115
16904,998	4,114
16925,012	4,113
16945,025	4,113
16965,039	4,113
16985,053	4,112
17005,066	4,111
17025,080	4,111
17045,094	4,110
17065,108	4,110
17085,121	4,110
17105,135	4,109
17125,149	4,109
17145,163	4,108
17165,176	4,108
17185,190	4,107
17205,204	4,107
17225,218	4,106
17245,231	4,106
17265,245	4,105
17285,259	4,104
17305,272	4,104
17325,286	4,103
17345,300	4,103
17365,314	4,102
17385,327	4,101
17405,341	4,101
17425,355	4,100
17445,369	4,100
17465,382	4,099
17485,396	4,098
17505,410	4,098
17525,424	4,097
17545,437	4,097
17565,451	4,096
17585,465	4,095
17605,479	4,094
17625,492	4,094
17645,506	4,093
17665,520	4,092
17685,534	4,091
17705,547	4,090
17725,561	4,090
17745,575	4,089
17765,588	4,088
17785,602	4,087
17805,616	4,086
17825,630	4,086
17845,644	4,085
17865,657	4,084
17885,671	4,084
17905,685	4,083
17925,699	4,082
17945,712	4,081
17965,726	4,080
17985,740	4,080
18005,754	4,078
18025,767	4,078
18045,781	4,077
18065,795	4,076
18085,808	4,075
18105,822	4,074
18125,836	4,073
18145,850	4,072
18165,863	4,071
18185,877	4,071
18205,891	4,069
18225,905	4,068
18245,919	4,068
18265,932	4,067
18285,946	4,066
18305,960	4,065
18325,973	4,064
18345,987	4,064
18366,001	4,062
18386,015	4,061
18406,028	4,061
18426,042	4,060
18446,056	4,059
18466,069	4,058
18486,083	4,057
18506,097	4,056
18526,111	4,055
18546,124	4,054
18566,138	4,053
18586,152	4,052
18606,166	4,052
18626,179	4,051
18646,193	4,050
18666,207	4,049
18686,221	4,048
18706,234	4,047
18726,248	4,046
18746,262	4,045
18766,276	4,044
18786,289	4,043
18806,303	4,043
18826,317	4,042
18846,331	4,041
18866,344	4,040
18886,358	4,039
18906,372	4,038
18926,386	4,037
18946,399	4,036
18966,413	4,036
18986,427	4,035
19006,441	4,034
19026,454	4,033
19046,468	4,032
19066,482	4,031
19086,496	4,030
19106,509	4,030
19126,523	4,029
19146,537	4,028
19166,550	4,027
19186,564	4,026
19206,578	4,025
19226,592	4,024
19246,605	4,024
19266,619	4,023
19286,633	4,022
19306,647	4,021
19326,661	4,020
19346,674	4,019
19366,688	4,019
19386,702	4,018
19406,715	4,017
19426,729	4,016
19446,743	4,015
19466,757	4,014
19486,770	4,013
19506,784	4,013
19526,798	4,012
19546,812	4,011
19566,825	4,011
19586,839	4,010
19606,853	4,009
19626,867	4,008
19646,880	4,007
19666,894	4,006
19686,908	4,006
19706,922	4,005
19726,935	4,004
19746,949	4,003
19766,963	4,002
19786,976	4,002
19806,990	4,001
19827,004	4,000
19847,018	3,999
19867,031	3,998
19887,046	3,997
19907,059	3,996
19927,073	3,995
19947,086	3,994
19967,100	3,993
19987,114	3,992
20007,128	3,992
20027,141	3,991
20047,155	3,990
20067,169	3,989
20087,183	3,988
20107,196	3,987
20127,210	3,986
20147,224	3,985
20167,238	3,984
20187,251	3,983
20207,265	3,982
20227,279	3,981
20247,293	3,980
20267,306	3,980
20287,320	3,978
20307,334	3,977
20327,347	3,976
20347,361	3,976
20367,375	3,975
20387,389	3,974
20407,403	3,972
20427,416	3,972
20447,430	3,971
20467,444	3,970
20487,457	3,969
20507,471	3,968
20527,485	3,967
20547,499	3,966
20567,512	3,965
20587,526	3,964
20607,540	3,963
20627,554	3,962
20647,567	3,961
20667,581	3,960
20687,595	3,959
20707,609	3,958
20727,622	3,957
20747,636	3,956
20767,650	3,955
20787,664	3,954
20807,677	3,953
20827,691	3,952
20847,705	3,952
20867,719	3,951
20887,732	3,950
20907,746	3,949
20927,760	3,948
20947,773	3,947
20967,787	3,946
20987,801	3,945
21007,815	3,944
21027,828	3,942
21047,842	3,942
21067,856	3,941
21087,870	3,940
21107,883	3,939
21127,897	3,937
21147,911	3,937
21167,925	3,936
21187,939	3,934
21207,952	3,933
21227,966	3,932
21247,980	3,931
21267,993	3,930
21288,007	3,930
21308,021	3,929
21328,035	3,927
21348,048	3,926
21368,062	3,925
21388,076	3,924
21408,090	3,924
21428,103	3,922
21448,117	3,921
21468,131	3,920
21488,145	3,919
21508,158	3,918
21528,172	3,917
21548,186	3,916
21568,200	3,915
21588,213	3,914
21608,227	3,913
21628,241	3,912
21648,255	3,911
21668,268	3,910
21688,282	3,909
21708,296	3,908
21728,309	3,907
21748,323	3,905
21768,337	3,904
21788,351	3,903
21808,364	3,902
21828,378	3,901
21848,392	3,900
21868,406	3,899
21888,419	3,898
21908,433	3,897
21928,447	3,896
21948,461	3,895
21968,474	3,893
21988,488	3,893
22008,502	3,891
22028,516	3,890
22048,529	3,889
22068,543	3,888
22088,557	3,887
22108,571	3,886
22128,585	3,885
22148,598	3,884
22168,612	3,883
22188,626	3,882
22208,639	3,881
22228,653	3,879
22248,667	3,878
22268,680	3,877
22288,694	3,876
22308,708	3,875
22328,722	3,874
22348,735	3,872
22368,749	3,872
22388,763	3,870
22408,777	3,870
22428,790	3,868
22448,804	3,868
22468,818	3,866
22488,832	3,865
22508,845	3,864
22528,859	3,863
22548,873	3,862
22568,887	3,861
22588,900	3,859
22608,914	3,858
22628,928	3,857
22648,942	3,856
22668,955	3,855
22688,969	3,854
22708,983	3,853
22728,997	3,852
22749,010	3,851
22769,024	3,849
22789,038	3,848
22809,051	3,848
22829,065	3,846
22849,079	3,845
22869,093	3,844
22889,106	3,843
22909,120	3,842
22929,134	3,840
22949,148	3,840
22969,161	3,838
22989,175	3,837
23009,189	3,836
23029,203	3,835
23049,216	3,834
23069,230	3,832
23089,244	3,832
23109,258	3,831
23129,271	3,829
23149,285	3,828
23169,299	3,827
23189,313	3,826
23209,326	3,825
23229,340	3,824
23249,354	3,823
23269,367	3,821
23289,381	3,820
23309,395	3,819
23329,409	3,818
23349,422	3,817
23369,436	3,816
23389,450	3,815
23409,464	3,814
23429,478	3,813
23449,491	3,811
23469,505	3,810
23489,519	3,809
23509,532	3,808
23529,546	3,806
23549,560	3,806
23569,574	3,805
23589,587	3,804
23609,601	3,802
23629,615	3,802
23649,629	3,800
23669,642	3,799
23689,656	3,798
23709,670	3,797
23729,684	3,796
23749,697	3,794
23769,711	3,793
23789,725	3,792
23809,739	3,791
23829,752	3,790
23849,766	3,789
23869,780	3,788
23889,794	3,787
23909,807	3,785
23929,821	3,785
23949,835	3,783
23969,849	3,782
23989,862	3,781
24009,876	3,780
24029,890	3,779
24049,904	3,778
24069,917	3,777
24089,931	3,776
24109,945	3,774
24129,959	3,773
24149,972	3,772
24169,986	3,771
24190,000	3,770
24210,013	3,769
24230,027	3,768
24250,041	3,766
24270,055	3,765
24290,069	3,764
24310,082	3,763
24330,096	3,762
24350,110	3,761
24370,123	3,759
24390,137	3,758
24410,151	3,757
24430,165	3,756
24450,178	3,755
24470,192	3,754
24490,206	3,752
24510,220	3,751
24530,234	3,750
24550,247	3,749
24570,261	3,748
24590,274	3,747
24610,288	3,746
24630,302	3,744
24650,316	3,743
24670,329	3,742
24690,344	3,741
24710,357	3,740
24730,371	3,739
24750,385	3,738
24770,398	3,736
24790,412	3,735
24810,426	3,735
24830,440	3,733
24850,453	3,732
24870,467	3,731
24890,481	3,730
24910,494	3,729
24930,508	3,727
24950,522	3,726
24970,536	3,725
24990,549	3,724
25010,563	3,723
25030,577	3,722
25050,591	3,720
25070,604	3,719
25090,618	3,718
25110,632	3,717
25130,646	3,716
25150,660	3,715
25170,673	3,714
25190,687	3,713
25210,701	3,711
25230,714	3,710
25250,728	3,709
25270,742	3,708
25290,755	3,707
25310,769	3,705
25330,783	3,705
25350,797	3,703
25370,810	3,702
25390,824	3,701
25410,838	3,700
25430,852	3,699
25450,865	3,698
25470,879	3,697
25490,893	3,696
25510,907	3,694
25530,920	3,693
25550,934	3,692
25570,948	3,691
25590,962	3,690
25610,975	3,688
25630,989	3,688
25651,003	3,686
25671,017	3,685
25691,030	3,684
25711,044	3,683
25731,058	3,682
25751,072	3,680
25771,085	3,680
25791,099	3,678
25811,113	3,677
25831,126	3,676
25851,140	3,675
25871,154	3,674
25891,168	3,672
25911,181	3,671
25931,195	3,670
25951,209	3,669
25971,223	3,668
25991,236	3,667
26011,250	3,666
26031,264	3,665
26051,278	3,663
26071,291	3,662
26091,305	3,661
26111,319	3,660
26131,333	3,659
26151,346	3,658
26171,360	3,657
26191,374	3,656
26211,388	3,655
26231,401	3,654
26251,415	3,652
26271,429	3,651
26291,443	3,650
26311,456	3,649
26331,470	3,648
26351,484	3,647
26371,498	3,646
26391,511	3,644
26411,525	3,643
26431,539	3,642
26451,553	3,641
26471,566	3,640
26491,580	3,639
26511,594	3,638
26531,607	3,636
26551,621	3,635
26571,635	3,634
26591,649	3,633
26611,662	3,632
26631,676	3,631
26651,690	3,629
26671,704	3,629
26691,717	3,627
26711,731	3,626
26731,745	3,625
26751,759	3,624
26771,772	3,623
26791,786	3,622
26811,800	3,621
26831,814	3,620
26851,827	3,618
26871,841	3,617
26891,855	3,616
26911,869	3,615
26931,882	3,614
26951,896	3,612
26971,910	3,611
26991,924	3,610
27011,937	3,609
27031,951	3,608
27051,965	3,607
27071,978	3,606
27091,992	3,605
27112,006	3,604
27132,020	3,602
27152,033	3,601
27172,047	3,600
27192,061	3,599
27212,075	3,597
27232,088	3,596
27252,102	3,595
27272,116	3,594
27292,130	3,592
27312,143	3,591
27332,157	3,590
27352,171	3,588
27372,185	3,587
27392,199	3,586
27412,212	3,584
27432,226	3,583
27452,240	3,582
27472,253	3,581
27492,267	3,579
27512,281	3,578
27532,294	3,576
27552,308	3,575
27572,322	3,574
27592,336	3,573
27612,350	3,571
27632,363	3,570
27652,377	3,569
27672,391	3,567
27692,405	3,566
27712,418	3,564
27732,432	3,563
27752,446	3,562
27772,459	3,560
27792,473	3,558
27812,487	3,557
27832,501	3,556
27852,514	3,554
27872,528	3,553
27892,542	3,551
27912,556	3,550
27932,569	3,549
27952,583	3,547
27972,597	3,545
27992,611	3,544
28012,624	3,542
28032,638	3,541
28052,652	3,540
28072,666	3,538
28092,679	3,536
28112,693	3,535
28132,707	3,534
28152,721	3,532
28172,734	3,531
28192,748	3,530
28212,762	3,528
28232,775	3,526
28252,789	3,525
28272,803	3,523
28292,817	3,522
28312,830	3,520
28332,844	3,518
28352,858	3,516
28372,872	3,515
28392,885	3,513
28412,899	3,511
28432,913	3,510
28452,927	3,508
28472,940	3,506
28492,954	3,504
28512,968	3,502
28532,982	3,500
28552,995	3,498
28573,009	3,496
28593,023	3,494
28613,037	3,493
28633,050	3,490
28653,064	3,488
28673,078	3,486
28693,092	3,484
28713,105	3,482
28733,119	3,480
28753,133	3,478
28773,147	3,476
28793,160	3,473
28813,174	3,472
28833,188	3,469
28853,202	3,467
28873,215	3,465
28893,229	3,462
28913,243	3,460
28933,256	3,458
28953,270	3,455
28973,284	3,453
28993,298	3,451
29013,311	3,448
29033,325	3,446
29053,339	3,443
29073,353	3,441
29093,366	3,438
29113,380	3,436
29133,394	3,433
29153,408	3,431
29173,421	3,428
29193,435	3,425
29213,449	3,422
29233,463	3,420
29253,476	3,417
29273,490	3,414
29293,504	3,412
29313,518	3,409
29333,531	3,406
29353,545	3,403
29373,559	3,401
29393,573	3,398
29413,586	3,394
29433,600	3,392
29453,614	3,389
29473,628	3,385
29493,641	3,382
29513,655	3,379
29533,669	3,376
29553,682	3,373
29573,696	3,369
29593,710	3,366
29613,724	3,362
29633,737	3,358
29653,751	3,354
29673,765	3,350
29693,779	3,346
29713,792	3,342
29733,806	3,338
29753,820	3,335
29773,834	3,330
29793,847	3,327
29813,861	3,323
29833,875	3,318
29853,889	3,314
29873,902	3,311
29893,916	3,306
29913,930	3,302
29933,944	3,298
29953,957	3,294
29973,971	3,290
29993,985	3,285
30013,998	3,281
30034,012	3,277
30054,026	3,272
30074,040	3,268
30094,053	3,263
30113,974	3,258
30133,987	3,254
30154,001	3,249
30173,906	3,244
30193,920	3,239
30213,684	3,234
30233,479	3,229
30253,493	3,224
30270,496	3,219
30289,355	3,214
30308,464	3,209
30326,949	3,203
30345,013	3,198
30362,968	3,193
30379,940	3,188
30397,036	3,182
30414,039	3,177
30431,245	3,172
30447,843	3,167
30461,726	3,161
30479,228	3,156
30494,890	3,151
30510,583	3,146
30525,870	3,140
30541,235	3,135
30556,117	3,130
30570,998	3,125
30585,739	3,119
30600,512	3,114
30615,128	3,109
30629,526	3,104
30643,878	3,098
30658,354	3,093
30672,580	3,088
30686,042	3,083
30701,111	3,077
30714,511	3,072
30729,080	3,067
30743,338	3,062
30757,440	3,056
30771,230	3,051
30784,754	3,046
30799,043	3,041
30813,113	3,035
30827,121	3,030
30840,880	3,025
30854,841	3,020
30868,677	3,014
30881,937	3,009
30895,149	3,004
30906,537	3,000
300,003	3,332
0,000	3,367
0,078	3,373
0,265	3,378
0,718	3,384
1,482	3,389
2,558	3,394
3,947	3,399
5,319	3,405
6,957	3,410
8,704	3,415
10,420	3,420
12,448	3,426
14,507	3,431
16,722	3,436
19,031	3,441
21,324	3,447
23,914	3,452
26,503	3,457
29,264	3,462
31,978	3,468
34,989	3,473
38,031	3,478
40,917	3,483
44,068	3,489
47,468	3,494
50,963	3,499
54,457	3,504
58,060	3,510
61,742	3,515
65,751	3,520
69,744	3,525
73,831	3,531
78,074	3,536
82,535	3,541
86,997	3,546
91,614	3,552
96,637	3,557
101,878	3,562
107,104	3,567
112,408	3,573
117,961	3,578
123,779	3,583
129,847	3,588
136,555	3,594
143,138	3,599
150,267	3,604
157,567	3,609
165,242	3,615
173,307	3,620
181,512	3,625
191,028	3,630
200,512	3,636
212,586	3,641
224,628	3,646
236,281	3,651
248,183	3,657
260,257	3,662
272,081	3,667
284,903	3,672
297,882	3,678
311,375	3,683
325,679	3,688
340,670	3,693
356,644	3,699
372,290	3,704
390,713	3,709
410,726	3,714
430,740	3,719
450,754	3,723
470,768	3,728
490,781	3,732
510,795	3,736
530,809	3,740
550,822	3,745
570,836	3,749
590,850	3,752
610,864	3,756
630,877	3,760
650,891	3,763
670,905	3,766
690,919	3,769
710,932	3,773
730,946	3,775
750,960	3,778
770,974	3,781
790,987	3,783
811,001	3,786
831,015	3,788
851,029	3,790
871,042	3,793
891,056	3,795
911,070	3,798
931,083	3,800
951,097	3,802
971,111	3,804
991,125	3,806
1011,139	3,808
1031,152	3,810
1051,166	3,812
1071,180	3,814
1091,194	3,816
1111,207	3,818
1131,221	3,820
1151,235	3,822
1171,248	3,824
1191,262	3,826
1211,276	3,827
1231,290	3,829
1251,303	3,831
1271,317	3,832
1291,331	3,834
1311,345	3,836
1331,358	3,838
1351,372	3,840
1371,386	3,841
1391,400	3,843
1411,413	3,845
1431,427	3,846
1451,441	3,848
1471,455	3,849
1491,469	3,851
1511,482	3,853
1531,496	3,854
1551,510	3,856
1571,523	3,857
1591,537	3,859
1611,551	3,861
1631,564	3,862
1651,578	3,864
1671,592	3,865
1691,606	3,867
1711,619	3,868
1731,633	3,870
1751,647	3,871
1771,661	3,873
1791,674	3,874
1811,688	3,876
1831,702	3,878
1851,716	3,879
1871,729	3,880
1891,743	3,882
1911,757	3,883
1931,771	3,885
1951,784	3,887
1971,798	3,888
1991,812	3,890
2011,826	3,891
2031,839	3,892
2051,853	3,894
2071,867	3,895
2091,881	3,897
2111,894	3,898
2131,908	3,900
2151,922	3,902
2171,936	3,903
2191,949	3,904
2211,963	3,906
2231,977	3,907
2251,991	3,909
2272,004	3,910
2292,018	3,912
2312,032	3,913
2332,045	3,915
2352,059	3,916
2372,073	3,918
2392,087	3,919
2412,101	3,921
2432,115	3,922
2452,128	3,924
2472,142	3,925
2492,156	3,927
2512,169	3,928
2532,183	3,930
2552,197	3,931
2572,210	3,933
2592,224	3,934
2612,238	3,936
2632,252	3,937
2652,265	3,939
2672,279	3,940
2692,293	3,942
2712,307	3,943
2732,320	3,945
2752,334	3,946
2772,348	3,947
2792,362	3,949
2812,375	3,951
2832,389	3,952
2852,403	3,953
2872,417	3,955
2892,430	3,956
2912,444	3,958
2932,458	3,959
2952,472	3,961
2972,485	3,963
2992,499	3,964
3012,513	3,966
3032,526	3,967
3052,540	3,969
3072,554	3,970
3092,568	3,972
3112,582	3,974
3132,595	3,975
3152,609	3,977
3172,623	3,978
3192,636	3,980
3212,650	3,981
3232,664	3,983
3252,678	3,984
3272,691	3,986
3292,705	3,987
3312,719	3,989
3332,733	3,991
3352,746	3,992
3372,760	3,993
3392,774	3,995
3412,788	3,997
3432,801	3,998
3452,815	4,000
3472,829	4,002
3492,843	4,003
3512,856	4,005
3532,870	4,006
3552,884	4,008
3572,897	4,010
3592,911	4,011
3612,925	4,013
3632,939	4,014
3652,952	4,016
3672,966	4,018
3692,980	4,019
3712,994	4,021
3733,008	4,022
3753,021	4,024
3773,035	4,026
3793,049	4,028
3813,062	4,029
3833,076	4,030
3853,090	4,032
3873,104	4,034
3893,117	4,036
3913,131	4,038
3933,145	4,039
3953,159	4,041
3973,173	4,043
3993,186	4,044
4013,200	4,046
4033,214	4,047
4053,227	4,049
4073,241	4,051
4093,255	4,052
4113,269	4,054
4133,282	4,056
4153,296	4,058
4173,310	4,059
4193,323	4,061
4213,337	4,063
4233,351	4,064
4253,365	4,066
4273,378	4,068
4293,392	4,070
4313,406	4,071
4333,420	4,073
4353,434	4,075
4373,447	4,076
4393,461	4,078
4413,475	4,080
4433,488	4,081
4453,502	4,083
4473,516	4,085
4493,530	4,087
4513,543	4,088
4533,557	4,090
4553,571	4,092
4573,584	4,093
4593,598	4,095
4613,612	4,097
4633,626	4,099
4653,640	4,100
4673,653	4,102
4693,667	4,104
4713,681	4,105
4733,695	4,107
4753,708	4,109
4773,722	4,110
4793,736	4,111
4813,750	4,113
4833,763	4,115
4853,777	4,116
4873,791	4,117
4893,804	4,119
4913,818	4,120
4933,832	4,122
4953,846	4,123
4973,859	4,125
4993,873	4,127
5013,887	4,129
5033,901	4,130
5053,914	4,132
5073,928	4,134
5093,942	4,136
5113,956	4,137
5133,969	4,139
5153,983	4,141
5173,997	4,143
5194,011	4,144
5214,024	4,146
5234,038	4,148
5254,052	4,149
5274,066	4,151
5294,079	4,153
5314,093	4,154
5334,107	4,156
5354,121	4,158
5374,134	4,159
5394,148	4,161
5414,162	4,162
5434,175	4,165
5454,189	4,166
5474,203	4,167
5494,217	4,169
5514,230	4,170
5534,244	4,172
5554,258	4,174
5574,272	4,175
5594,285	4,176
5614,299	4,178
5634,313	4,179
5654,327	4,181
5674,341	4,182
5694,354	4,183
5714,368	4,185
5734,382	4,186
5754,395	4,187
5774,409	4,189
5794,423	4,190
5814,437	4,191
5834,450	4,193
5854,464	4,194
5874,478	4,195
5894,492	4,197
5914,505	4,198
5934,519	4,199
5954,533	4,200
5974,546	4,201
5994,560	4,203
6014,574	4,204
6034,588	4,205
6054,601	4,206
6074,615	4,207
6094,629	4,208
6114,643	4,209
6134,657	4,210
6154,670	4,211
6174,684	4,212
6194,698	4,213
6214,711	4,214
6234,725	4,215
6254,739	4,216
6274,753	4,216
6294,766	4,218
6314,780	4,219
6334,794	4,219
6354,808	4,220
6374,821	4,221
6394,835	4,222
6414,849	4,222
6434,863	4,223
6454,876	4,224
6474,890	4,224
6494,904	4,226
6514,918	4,226
6534,931	4,227
6554,945	4,228
6574,959	4,228
6594,972	4,229
6614,986	4,229
6635,000	4,230
6655,014	4,230
6675,028	4,231
6695,041	4,232
6715,055	4,233
6735,069	4,233
6755,082	4,233
6775,096	4,234
6795,110	4,235
6815,124	4,235
6835,137	4,236
6855,151	4,236
6875,165	4,237
6895,179	4,237
6915,192	4,238
6935,206	4,238
6955,220	4,239
6975,234	4,239
6995,247	4,240
7015,261	4,240
7035,275	4,241
7055,288	4,241
7075,302	4,241
7095,316	4,242
7115,330	4,242
7135,344	4,243
7155,357	4,243
7175,371	4,243
7195,385	4,244
7215,398	4,244
7235,412	4,245
7255,426	4,245
7275,440	4,245
7295,453	4,246
7315,467	4,246
7335,481	4,246
7355,495	4,247
7375,508	4,247
7395,522	4,247
7415,536	4,248
7435,550	4,248
7455,563	4,248
7475,577	4,249
7495,591	4,249
7515,605	4,250
7535,619	4,249
7555,632	4,250
7575,646	4,250
7595,660	4,250
7615,673	4,251
7635,687	4,251
7655,701	4,251
7675,715	4,252
7695,728	4,252
7715,742	4,252
7735,756	4,252
7755,770	4,253
7775,783	4,253
7795,797	4,253
7815,811	4,253
7835,824	4,254
7855,838	4,254
7875,852	4,254
7895,866	4,254
7915,879	4,254
7935,893	4,255
7955,907	4,255
7975,921	4,255
7995,934	4,256
8015,948	4,256
8035,962	4,256
8055,976	4,256
8075,989	4,256
8096,003	4,256
8116,017	4,257
8136,031	4,257
8156,044	4,257
8176,058	4,258
8196,072	4,258
8216,086	4,258
8236,099	4,258
8256,113	4,258
8276,127	4,258
8296,141	4,259
8316,154	4,259
8336,168	4,259
8356,182	4,259
8376,195	4,259
8396,209	4,260
8416,223	4,260
8436,237	4,260
8456,250	4,260
8476,264	4,260
8496,278	4,261
8516,292	4,261
8536,305	4,261
8556,319	4,261
8576,333	4,261
8596,347	4,261
8616,360	4,261
8636,374	4,262
8656,388	4,262
8676,402	4,262
8696,415	4,262
8716,429	4,262
8736,443	4,262
8756,457	4,262
8776,470	4,263
8796,484	4,263
8816,498	4,263
8836,512	4,263
8856,525	4,263
8876,539	4,264
8896,553	4,263
8916,567	4,263
8936,581	4,264
8956,594	4,264
8976,608	4,264
8996,622	4,264
9016,635	4,264
9036,649	4,264
9056,663	4,264
9076,676	4,265
9096,690	4,265
9116,704	4,265
9136,718	4,265
9156,732	4,265
9176,745	4,265
9196,759	4,265
9216,773	4,265
9236,787	4,266
9256,800	4,266
9276,814	4,266
9296,828	4,266
9316,841	4,266
9336,855	4,266
9356,869	4,266
9376,883	4,266
9396,896	4,266
9416,910	4,266
9436,924	4,267
9456,938	4,266
9476,951	4,267
9496,965	4,267
9516,979	4,267
9536,992	4,267
9557,006	4,267
9577,020	4,267
9597,034	4,267
9617,047	4,267
9637,061	4,267
9657,075	4,267
9677,089	4,267
9697,103	4,267
9717,116	4,268
9737,130	4,268
9757,144	4,268
9777,157	4,268
9797,171	4,268
9817,185	4,268
9837,199	4,268
9857,212	4,268
9877,226	4,268
9897,240	4,268
9917,254	4,268
9937,267	4,268
9957,281	4,268
9977,295	4,269
9997,309	4,269
10017,322	4,269
10037,336	4,269
10057,350	4,269
10077,364	4,269
10097,377	4,269
10117,391	4,269
10137,405	4,269
10157,418	4,269
10177,432	4,269
10197,446	4,269
10217,460	4,269
10237,474	4,269
10257,487	4,269
10277,501	4,269
10297,515	4,269
10317,529	4,269
10337,542	4,269
10357,556	4,269
10377,570	4,269
10397,583	4,270
10417,597	4,270
10437,611	4,270
10457,625	4,270
10477,638	4,269
10497,652	4,270
10517,666	4,270
10537,680	4,270
10557,693	4,270
10577,707	4,270
10597,721	4,271
10617,735	4,271
10637,748	4,271
10657,762	4,270
10677,776	4,271
10697,790	4,271
10717,803	4,271
10737,817	4,271
10757,831	4,271
10777,845	4,271
10797,858	4,271
10817,872	4,271
10837,886	4,271
10857,899	4,271
10877,913	4,271
10897,927	4,271
10917,940	4,271
10937,954	4,271
10957,968	4,272
10977,982	4,271
10997,996	4,271
11018,009	4,272
11038,023	4,271
11058,037	4,271
11078,051	4,271
11098,064	4,271
11118,078	4,272
11138,092	4,272
11158,106	4,272
11178,119	4,272
11198,133	4,272
11218,147	4,272
11238,161	4,272
11258,174	4,272
11278,188	4,272
11298,202	4,272
11318,216	4,272
11338,229	4,273
11358,243	4,273
11378,257	4,273
11398,271	4,273
11418,284	4,272
11438,298	4,273
11458,312	4,273
11478,326	4,273
11498,339	4,273
11518,353	4,273
11538,367	4,273
11558,380	4,273
11578,394	4,273
11598,408	4,273
11618,421	4,274
11638,436	4,274
11658,449	4,274
11678,463	4,273
11698,477	4,274
11718,490	4,274
11738,504	4,274
11758,518	4,274
11778,532	4,274
11798,545	4,274
11818,559	4,274
11838,573	4,274
11858,586	4,274
11878,600	4,274
11898,614	4,274
11918,628	4,274
11938,642	4,274
11958,655	4,274
11978,669	4,275
11998,683	4,275
12018,696	4,275
12038,710	4,275
12058,724	4,275
12078,738	4,275
12098,751	4,275
12118,765	4,275
12138,779	4,275
12158,793	4,275
12178,806	4,275
12198,820	4,275
12218,834	4,276
12238,848	4,275
12258,861	4,275
12278,875	4,276
12298,889	4,275
12318,903	4,276
12338,916	4,276
12358,930	4,276
12378,944	4,276
12398,957	4,276
12418,971	4,277
12438,985	4,276
12458,999	4,276
12479,013	4,276
12499,026	4,276
12519,040	4,277
12539,054	4,277
12559,068	4,277
12579,081	4,277
12599,095	4,277
12619,109	4,277
12639,122	4,277
12659,136	4,277
12679,150	4,278
12699,164	4,277
12719,177	4,277
12739,191	4,278
12759,205	4,278
12779,219	4,278
12799,232	4,278
12819,246	4,278
12839,260	4,278
12859,274	4,278
12879,287	4,278
12899,301	4,278
12919,315	4,278
12939,329	4,278
12959,342	4,278
12979,356	4,279
12999,370	4,279
13019,384	4,279
13039,397	4,279
13059,411	4,279
13079,425	4,279
13099,439	4,279
13119,452	4,279
13139,466	4,279
13159,480	4,279
13179,493	4,280
13199,507	4,280
13219,521	4,280
13239,535	4,280
13259,548	4,280
13279,562	4,280
13299,576	4,280
13319,590	4,280
13339,603	4,280
13359,617	4,280
13379,631	4,281
13399,645	4,281
13419,658	4,281
13439,672	4,281
13459,686	4,281
13479,700	4,281
13499,713	4,281
13519,727	4,281
13539,741	4,281
13559,755	4,282
13579,768	4,282
13599,782	4,282
13619,796	4,282
13639,810	4,282
13659,823	4,282
13679,837	4,282
13699,851	4,283
13719,865	4,283
13739,878	4,283
13759,892	4,283
13779,906	4,283
13799,920	4,283
13819,933	4,283
13839,947	4,283
13859,961	4,283
13879,974	4,283
13899,988	4,283
13920,002	4,283
13940,016	4,284
13960,029	4,284
13980,043	4,284
14000,057	4,284
14020,071	4,284
14040,084	4,284
14060,098	4,285
14080,112	4,285
14100,126	4,285
14120,139	4,285
14140,153	4,285
14160,167	4,286
14180,181	4,285
14200,194	4,286
14220,208	4,286
14240,222	4,286
14260,236	4,286
14280,249	4,286
14300,263	4,286
14320,277	4,287
14340,291	4,287
14360,304	4,287
14380,318	4,287
14400,332	4,287
14420,346	4,288
14440,359	4,288
14460,373	4,288
14480,387	4,288
14500,401	4,288
14520,414	4,288
14540,428	4,288
14560,442	4,288
14580,455	4,288
14600,469	4,288
14620,483	4,288
14640,497	4,289
14660,510	4,289
14680,524	4,289
14700,538	4,290
14720,552	4,290
14740,565	4,290
14760,579	4,290
14780,593	4,290
14800,607	4,290
14820,620	4,291
14840,634	4,291
14860,648	4,291
14880,662	4,291
14900,675	4,291
14920,689	4,292
14940,703	4,292
14960,717	4,292
14980,730	4,292
15000,744	4,292
15020,758	4,292
15040,772	4,292
15060,785	4,293
15080,799	4,293
15100,813	4,293
15120,827	4,293
15140,840	4,294
15160,854	4,294
15180,868	4,294
15200,881	4,294
15220,895	4,294
15240,909	4,294
15260,923	4,295
15280,936	4,295
15300,950	4,295
15320,964	4,295
15340,978	4,295
15360,991	4,296
15381,005	4,296
15401,019	4,296
15421,033	4,296
15441,046	4,296
15461,060	4,296
15481,074	4,296
15501,088	4,297
15521,101	4,297
15541,115	4,297
15561,129	4,297
15581,143	4,297
15601,156	4,298
15621,170	4,298
15641,184	4,298
15661,198	4,298
15681,211	4,298
15701,225	4,299
15721,239	4,299
15741,252	4,299
15761,266	4,299
15781,280	4,300
15801,294	4,300
15821,308	4,300
15841,321	4,300
15861,335	4,300
15881,349	4,300
15901,363	4,300
15921,376	4,300
15941,390	4,301
15961,404	4,301
15981,417	4,301
16001,431	4,301
16021,445	4,302
16041,459	4,302
16061,472	4,302
16081,486	4,302
16101,500	4,303
16121,514	4,302
16141,527	4,303
16161,541	4,303
16181,555	4,303
16201,569	4,303
16221,582	4,303
16241,596	4,303
16261,610	4,304
16281,624	4,304
16301,637	4,304
16321,651	4,304
16341,665	4,304
16361,678	4,305
16381,692	4,305
16401,706	4,305
16421,720	4,305
16441,734	4,305
16461,747	4,305
16481,761	4,305
16501,775	4,305
16521,788	4,306
16541,802	4,306
16561,816	4,306
16581,830	4,306
16601,843	4,307
16621,857	4,307
16641,871	4,307
16661,885	4,307
16681,898	4,307
16701,912	4,308
16721,926	4,307
16741,940	4,307
16761,953	4,308
16781,967	4,308
16801,981	4,308
16821,995	4,308
16842,008	4,308
16862,022	4,308
16882,036	4,309
16902,050	4,309
16922,063	4,309
16942,077	4,309
16962,091	4,309
16982,105	4,309
17002,118	4,309
17022,132	4,310
17042,146	4,309
17062,159	4,310
17082,173	4,310
17102,187	4,310
17122,201	4,310
17142,214	4,310
17162,228	4,310
17182,242	4,311
17202,256	4,311
17222,269	4,311
17242,283	4,311
17262,297	4,311
17282,311	4,311
17302,324	4,311
17322,338	4,311
17342,352	4,311
17362,366	4,312
17382,379	4,312
17402,393	4,312
17422,407	4,312
17442,420	4,312
17462,434	4,312
17482,448	4,312
17502,462	4,312
17522,476	4,312
17542,489	4,312
17562,503	4,313
17582,517	4,313
17602,531	4,313
17622,544	4,313
17642,558	4,313
17662,572	4,313
17682,585	4,313
17702,599	4,313
17722,613	4,313
17742,627	4,313
17762,640	4,313
17782,654	4,314
17802,668	4,313
17822,682	4,313
17842,696	4,314
17862,709	4,314
17882,723	4,314
17902,737	4,314
17922,750	4,314
17942,764	4,314
17962,778	4,314
17982,792	4,314
18002,805	4,314
18022,819	4,314
18042,833	4,315
18062,846	4,315
18082,860	4,315
18102,874	4,315
18122,888	4,315
18142,901	4,315
18162,915	4,315
18182,929	4,315
18202,943	4,315
18222,956	4,315
18242,970	4,316
18262,984	4,316
18282,998	4,316
18303,011	4,316
18323,025	4,316
18343,039	4,316
18363,053	4,316
18383,066	4,316
18403,080	4,316
18423,094	4,316
18443,108	4,316
18463,121	4,317
18483,135	4,316
18503,149	4,316
18523,163	4,317
18543,176	4,317
18563,190	4,317
18583,204	4,317
18603,218	4,317
18623,231	4,317
18643,245	4,317
18663,259	4,317
18683,273	4,317
18703,286	4,317
18723,300	4,317
18743,314	4,317
18763,328	4,317
18783,341	4,317
18803,355	4,317
18823,369	4,317
18843,383	4,318
18863,396	4,318
18883,410	4,318
18903,424	4,318
18923,438	4,318
18943,451	4,318
18963,465	4,318
18983,479	4,318
19003,492	4,318
19023,506	4,318
19043,520	4,318
19063,534	4,318
19083,547	4,318
19103,561	4,319
19123,575	4,319
19143,589	4,319
19163,602	4,318
19183,616	4,318
19203,630	4,318
19223,643	4,319
19243,657	4,319
19263,671	4,319
19283,685	4,319
19303,698	4,319
19323,712	4,319
19343,726	4,319
19363,740	4,319
19383,753	4,319
19403,767	4,319
19423,781	4,319
19443,795	4,320
19463,808	4,320
19483,822	4,319
19503,836	4,320
19523,850	4,320
19543,863	4,320
19563,877	4,320
19583,891	4,320
19603,905	4,320
19623,918	4,320
19643,932	4,320
19663,946	4,320
19683,960	4,320
19703,973	4,320
19723,987	4,320
19744,001	4,320
19764,015	4,320
19784,028	4,320
19804,042	4,321
19824,056	4,321
19844,070	4,321
19864,083	4,321
19884,097	4,321
19904,111	4,321
19924,124	4,321
19944,138	4,321
19964,152	4,321
19984,166	4,321
20004,179	4,321
20024,193	4,321
20044,207	4,321
20064,221	4,321
20084,234	4,321
20104,248	4,321
20124,262	4,321
20144,276	4,321
20164,289	4,321
20184,303	4,321
20204,317	4,321
20224,331	4,321
20244,344	4,321
20264,358	4,321
20284,372	4,321
20304,386	4,322
20324,399	4,322
20344,413	4,322
20364,427	4,322
20384,441	4,322
20404,454	4,322
20424,468	4,322
20444,482	4,322
20464,496	4,322
20484,509	4,322
20504,523	4,322
20524,537	4,322
20544,551	4,322
20564,564	4,322
20584,578	4,322
20604,592	4,322
20624,605	4,322
20644,619	4,323
20664,633	4,322
20684,647	4,322
20704,660	4,323
20724,674	4,323
20744,688	4,323
20764,702	4,322
20784,715	4,323
20804,729	4,322
20824,743	4,323
20844,757	4,323
20864,770	4,323
20884,784	4,323
20904,798	4,323
20924,812	4,323
20944,825	4,323
20964,839	4,323
20984,853	4,323
21004,867	4,323
21024,880	4,323
21044,894	4,323
21064,908	4,323
21084,921	4,324
21104,935	4,324
21124,949	4,324
21144,963	4,323
21164,977	4,323
21184,990	4,324
21205,004	4,324
21225,018	4,324
21245,031	4,324
21265,045	4,324
21285,059	4,324
21305,073	4,324
21325,086	4,324
21345,100	4,324
21365,114	4,324
21385,128	4,324
21405,141	4,324
21425,155	4,324
21445,169	4,325
21465,183	4,325
21485,196	4,324
21505,210	4,325
21525,224	4,325
21545,238	4,325
21565,252	4,325
21585,265	4,325
21605,279	4,325
21625,293	4,325
21645,306	4,325
21665,320	4,325
21685,334	4,325
21705,348	4,325
21725,361	4,325
21745,375	4,325
21765,389	4,325
21785,402	4,325
21805,416	4,326
21825,430	4,325
21845,444	4,326
21865,457	4,325
21885,471	4,325
21905,485	4,326
21925,499	4,326
21945,512	4,326
21965,526	4,326
21985,540	4,326
22005,554	4,326
22025,567	4,326
22045,581	4,326
22065,595	4,326
22085,609	4,326
22105,622	4,326
22125,636	4,326
22145,650	4,326
22165,664	4,326
22185,677	4,326
22205,691	4,326
22225,705	4,326
22245,719	4,327
22265,732	4,326
22285,746	4,327
22305,760	4,326
22325,774	4,326
22345,787	4,327
22365,801	4,327
22385,815	4,327
22405,829	4,327
22425,842	4,327
22445,856	4,327
22465,870	4,327
22485,883	4,327
22505,897	4,327
22525,911	4,327
22545,925	4,327
22565,938	4,327
22585,952	4,327
22605,966	4,327
22625,980	4,327
22645,993	4,327
22666,007	4,328
22686,021	4,328
22706,035	4,328
22726,048	4,328
22746,062	4,328
22766,076	4,328
22786,090	4,328
22806,103	4,328
22826,117	4,328
22846,131	4,328
22866,145	4,328
22886,159	4,328
22906,172	4,328
22926,186	4,328
22946,199	4,328
22966,213	4,328
22986,227	4,328
23006,241	4,328
23026,255	4,329
23046,268	4,329
23066,282	4,329
23086,296	4,329
23106,309	4,329
23126,323	4,329
23146,337	4,329
23166,351	4,329
23186,364	4,330
23206,378	4,329
23226,392	4,330
23246,406	4,329
23266,419	4,329
23286,433	4,330
23306,447	4,330
23326,461	4,330
23346,474	4,330
23366,488	4,330
23386,502	4,330
23406,516	4,330
23426,529	4,330
23446,543	4,330
23466,557	4,330
23486,571	4,330
23506,584	4,330
23526,598	4,330
23546,612	4,330
23566,626	4,330
23586,639	4,330
23606,653	4,331
23626,667	4,331
23646,681	4,330
23666,694	4,330
23686,708	4,331
23706,722	4,331
23726,735	4,331
23746,749	4,331
23766,763	4,331
23786,777	4,331
23806,790	4,331
23826,804	4,331
23846,818	4,331
23866,832	4,331
23886,845	4,331
23906,859	4,332
23926,873	4,332
23946,887	4,332
23966,900	4,332
23986,914	4,332
24006,928	4,332
24026,942	4,332
24046,955	4,332
24066,969	4,333
24086,983	4,332
24106,996	4,332
24127,010	4,333
24147,024	4,333
24167,038	4,333
24187,051	4,332
24207,065	4,333
24227,079	4,333
24247,093	4,333
24267,106	4,333
24287,120	4,333
24307,134	4,333
24327,148	4,333
24347,161	4,333
24367,175	4,334
24387,189	4,334
24407,203	4,333
24427,216	4,334
24447,230	4,334
24467,244	4,334
24487,258	4,334
24507,271	4,334
24527,285	4,334
24547,299	4,334
24567,313	4,334
24587,326	4,334
24607,340	4,334
24627,354	4,335
24647,368	4,334
24667,381	4,334
24687,395	4,335
24707,409	4,335
24727,423	4,335
24747,436	4,335
24767,450	4,335
24787,464	4,335
24807,478	4,335
24827,491	4,335
24847,505	4,335
24867,519	4,336
24887,532	4,336
24907,546	4,336
24927,560	4,336
24947,574	4,336
24967,587	4,336
24987,601	4,336
25007,615	4,336
25027,629	4,336
25047,643	4,336
25067,656	4,336
25087,670	4,337
25107,684	4,337
25127,697	4,337
25147,711	4,337
25167,725	4,337
25187,739	4,337
25207,752	4,337
25227,766	4,338
25247,780	4,338
25267,794	4,338
25287,807	4,338
25307,821	4,338
25327,835	4,338
25347,849	4,338
25367,862	4,338
25387,876	4,338
25407,890	4,338
25427,903	4,338
25447,917	4,338
25467,931	4,338
25487,945	4,339
25507,958	4,339
25527,972	4,339
25547,986	4,339
25568,000	4,339
25588,013	4,339
25608,027	4,339
25628,041	4,340
25648,055	4,340
25668,068	4,340
25688,082	4,340
25708,096	4,340
25728,110	4,340
25748,123	4,340
25768,137	4,340
25788,151	4,340
25808,165	4,340
25828,178	4,341
25848,192	4,341
25868,206	4,341
25888,220	4,341
25908,233	4,341
25928,247	4,341
25948,261	4,341
25968,275	4,341
25988,288	4,342
26008,302	4,342
26028,316	4,342
26048,329	4,342
26068,343	4,342
26088,357	4,343
26108,371	4,343
26128,384	4,343
26148,398	4,343
26168,412	4,343
26188,426	4,343
26208,439	4,343
26228,453	4,343
26248,467	4,343
26268,481	4,343
26288,494	4,343
26308,508	4,344
26328,522	4,344
26348,536	4,344
26368,549	4,344
26388,563	4,344
26408,577	4,345
26428,591	4,344
26448,604	4,345
26468,618	4,345
26488,632	4,345
26508,646	4,345
26528,659	4,345
26548,673	4,346
26568,687	4,346
26588,701	4,346
26608,714	4,346
26628,728	4,346
26648,742	4,346
26668,755	4,347
26688,769	4,347
26708,783	4,347
26728,797	4,347
26748,811	4,347
26768,824	4,347
26788,838	4,347
26808,852	4,347
26828,865	4,348
26848,879	4,348
26868,893	4,347
26888,907	4,348
26908,920	4,348
26928,934	4,348
26948,948	4,349
26968,962	4,349
26988,975	4,349
27008,989	4,349
27029,003	4,350
27049,017	4,350
27069,030	4,350
27089,044	4,350
27109,058	4,350
27129,072	4,350
27149,085	4,351
27169,099	4,351
27189,113	4,351
27209,126	4,351
27229,140	4,351
27249,154	4,351
27269,168	4,352
27289,181	4,352
27309,195	4,352
27329,209	4,352
27349,223	4,353
27369,237	4,353
27389,250	4,353
27409,264	4,353
27429,278	4,353
27449,291	4,354
27469,305	4,354
27489,319	4,354
27509,333	4,354
27529,346	4,355
27549,360	4,355
27569,374	4,355
27589,388	4,355
27609,401	4,355
27629,415	4,356
27649,429	4,356
27669,443	4,356
27689,456	4,356
27709,470	4,357
27729,484	4,357
27749,498	4,357
27769,511	4,357
27789,525	4,357
27809,539	4,358
27829,552	4,358
27849,566	4,359
27869,580	4,359
27889,594	4,359
27909,607	4,359
27929,621	4,359
27949,635	4,359
27969,649	4,360
27989,662	4,360
28009,676	4,360
28029,690	4,361
28049,704	4,361
28069,718	4,361
28089,731	4,361
28109,745	4,362
28129,759	4,362
28149,772	4,362
28169,786	4,362
28189,800	4,363
28209,813	4,364
28229,827	4,364
28249,841	4,364
28269,855	4,364
28289,869	4,365
28309,882	4,365
28329,896	4,365
28349,910	4,365
28369,924	4,366
28389,937	4,366
28409,951	4,367
28429,965	4,367
28449,979	4,368
28469,992	4,368
28490,006	4,368
28510,020	4,368
28530,033	4,368
28550,047	4,369
28570,061	4,369
28590,075	4,370
28610,088	4,370
28630,102	4,371
28650,116	4,371
28670,130	4,371
28690,143	4,372
28710,157	4,372
28730,171	4,372
28750,185	4,372
28770,198	4,373
28790,212	4,373
28810,226	4,374
28830,240	4,374
28850,253	4,375
28870,267	4,375
28890,281	4,376
28910,294	4,376
28930,308	4,376
28950,322	4,377
28970,336	4,377
28990,349	4,377
29010,363	4,378
29030,377	4,379
29050,391	4,379
29070,404	4,379
29090,418	4,380
29110,432	4,380
29130,446	4,381
29150,459	4,381
29170,473	4,382
29190,487	4,382
29210,501	4,383
29230,514	4,383
29250,528	4,383
29270,542	4,384
29290,556	4,384
29310,569	4,385
29330,583	4,385
29350,597	4,386
29370,611	4,386
29390,625	4,387
29410,638	4,387
29430,652	4,388
29450,666	4,389
29470,679	4,389
29490,693	4,389
29510,707	4,390
29530,721	4,390
29550,734	4,391
29570,748	4,392
29590,762	4,392
29610,776	4,392
29630,789	4,393
29650,803	4,393
29670,817	4,394
29690,831	4,395
29710,844	4,395
29730,858	4,396
29750,872	4,396
29770,886	4,397
29790,899	4,397
29810,913	4,398
29830,927	4,399
29850,940	4,399
29859,520	4,400
300,003	4,297
0,016	4,275
0,078	4,269
0,296	4,264
1,014	4,258
2,886	4,253
6,443	4,248
12,776	4,243
22,182	4,237
34,911	4,232
51,228	4,227
71,241	4,222
91,255	4,218
111,269	4,214
131,283	4,211
151,296	4,208
171,310	4,205
191,324	4,203
211,338	4,200
231,351	4,198
251,365	4,196
271,379	4,194
291,393	4,193
311,406	4,191
331,420	4,189
351,434	4,187
371,448	4,186
391,461	4,185
411,475	4,183
431,489	4,182
451,503	4,181
471,516	4,180
491,530	4,179
511,544	4,178
531,558	4,178
551,571	4,177
571,585	4,176
591,599	4,175
611,612	4,175
631,626	4,174
651,640	4,173
671,654	4,173
691,667	4,172
711,681	4,172
731,695	4,171
751,709	4,171
771,722	4,170
791,736	4,170
811,750	4,169
831,764	4,169
851,778	4,169
871,791	4,168
891,805	4,168
911,819	4,167
931,832	4,167
951,846	4,167
971,860	4,167
991,874	4,166
1011,887	4,166
1031,901	4,166
1051,915	4,165
1071,929	4,165
1091,942	4,165
1111,956	4,165
1131,970	4,164
1151,984	4,164
1171,997	4,164
1192,011	4,164
1212,025	4,164
1232,039	4,164
1252,052	4,163
1272,066	4,163
1292,080	4,163
1312,094	4,163
1332,107	4,163
1352,121	4,162
1372,135	4,162
1392,148	4,162
1412,162	4,162
1432,176	4,162
1452,190	4,161
1472,203	4,161
1492,217	4,161
1512,231	4,161
1532,245	4,161
1552,258	4,161
1572,272	4,161
1592,286	4,161
1612,300	4,161
1632,313	4,161
1652,327	4,160
1672,341	4,161
1692,355	4,160
1712,368	4,160
1732,382	4,160
1752,396	4,160
1772,410	4,160
1792,423	4,159
1812,437	4,160
1832,451	4,160
1852,464	4,159
1872,478	4,159
1892,492	4,160
1912,506	4,159
1932,519	4,159
1952,533	4,159
1972,547	4,159
1992,561	4,158
2012,574	4,159
2032,588	4,159
2052,602	4,159
2072,616	4,158
2092,629	4,158
2112,643	4,158
2132,657	4,158
2152,671	4,158
2172,684	4,158
2192,698	4,158
2212,712	4,158
2232,726	4,158
2252,739	4,158
2272,753	4,158
2292,767	4,158
2312,780	4,158
2332,794	4,158
2352,808	4,157
2372,822	4,157
2392,836	4,157
2412,849	4,157
2432,863	4,157
2452,877	4,157
2472,890	4,157
2492,904	4,157
2512,918	4,157
2532,932	4,157
2552,946	4,157
2572,959	4,157
2592,973	4,157
2612,987	4,157
2633,000	4,157
2653,014	4,157
2673,028	4,157
2693,042	4,157
2713,055	4,157
2733,069	4,157
2753,083	4,157
2773,097	4,157
2793,110	4,157
2813,124	4,156
2833,138	4,156
2853,152	4,157
2873,165	4,157
2893,179	4,156
2913,193	4,156
2933,206	4,157
2953,220	4,156
2973,234	4,156
2993,248	4,156
3013,261	4,156
3033,275	4,156
3053,289	4,156
3073,303	4,156
3093,316	4,156
3113,330	4,156
3133,344	4,156
3153,358	4,156
3173,371	4,156
3193,385	4,156
3213,399	4,156
3233,413	4,156
3253,426	4,156
3273,440	4,156
3293,454	4,155
3313,468	4,156
3333,481	4,156
3353,495	4,156
3373,509	4,156
3393,523	4,156
3413,536	4,155
3433,550	4,155
3453,564	4,155
3473,578	4,155
3493,591	4,155
3513,605	4,155
3533,619	4,155
3553,633	4,155
3573,646	4,155
3593,660	4,155
3613,674	4,155
3633,688	4,155
3653,701	4,155
3673,715	4,155
3693,729	4,155
3713,742	4,155
3733,756	4,155
3753,770	4,155
3773,784	4,155
3793,798	4,155
3813,811	4,155
3833,825	4,155
3853,839	4,155
3873,852	4,155
3893,866	4,155
3913,880	4,154
3933,894	4,155
3953,907	4,155
3973,921	4,155
3993,935	4,155
4013,949	4,155
4033,962	4,155
4053,976	4,155
4073,990	4,155
4094,004	4,155
4114,017	4,155
4134,031	4,155
4154,045	4,154
4174,058	4,155
4194,072	4,154
4214,086	4,155
4234,100	4,154
4254,113	4,154
4274,127	4,154
4294,141	4,154
4314,155	4,154
4334,168	4,154
4354,182	4,154
4374,196	4,154
4394,210	4,154
4414,223	4,154
4434,237	4,154
4454,251	4,154
4474,265	4,154
4494,278	4,154
4514,292	4,154
4534,306	4,154
4554,320	4,154
4574,333	4,153
4594,347	4,153
4614,361	4,153
4634,375	4,153
4654,388	4,153
4674,402	4,154
4694,416	4,154
4714,430	4,153
4734,443	4,153
4754,457	4,153
4774,471	4,153
4794,484	4,153
4814,498	4,154
4834,512	4,153
4854,526	4,153
4874,540	4,153
4894,553	4,153
4914,567	4,153
4934,581	4,153
4954,595	4,153
4974,608	4,153
4994,622	4,153
5014,636	4,153
5034,649	4,153
5054,663	4,153
5074,677	4,153
5094,691	4,153
5114,704	4,153
5134,718	4,153
5154,732	4,153
5174,746	4,153
5194,759	4,153
5214,773	4,153
5234,787	4,153
5254,801	4,153
5274,814	4,153
5294,828	4,153
5314,842	4,153
5334,856	4,153
5354,869	4,153
5374,883	4,152
5394,897	4,153
5414,910	4,153
5434,924	4,153
5454,938	4,153
5474,952	4,152
5494,965	4,152
5514,979	4,153
5534,993	4,152
5555,007	4,152
5575,020	4,152
5595,034	4,152
5615,048	4,152
5635,062	4,152
5655,075	4,153
5675,089	4,152
5695,103	4,152
5715,117	4,152
5735,131	4,152
5755,144	4,152
5775,158	4,152
5795,172	4,152
5815,185	4,152
5835,199	4,152
5855,213	4,152
5875,227	4,152
5895,240	4,152
5915,254	4,152
5935,268	4,152
5955,282	4,152
5975,295	4,152
5995,309	4,152
6015,323	4,152
6035,337	4,151
6055,350	4,151
6075,364	4,152
6095,378	4,151
6115,391	4,152
6135,405	4,152
6155,419	4,151
6175,433	4,151
6195,446	4,151
6215,460	4,151
6235,474	4,151
6255,488	4,151
6275,489	4,151
6295,489	4,151
6315,497	4,151
6335,503	4,151
6355,510	4,151
6375,519	4,151
6395,524	4,151
6415,528	4,151
6435,528	4,151
6455,536	4,151
6475,546	4,151
6495,553	4,151
6515,556	4,150
6535,557	4,151
6555,566	4,151
6575,566	4,150
6595,569	4,150
6615,577	4,151
6635,587	4,151
6655,592	4,151
6675,605	4,151
6695,619	4,151
6715,633	4,150
6735,647	4,150
6755,660	4,150
6775,674	4,150
6795,688	4,151
6815,702	4,150
6835,716	4,150
6855,729	4,150
6875,743	4,150
6895,757	4,150
6915,770	4,150
6935,784	4,150
6955,798	4,150
6975,811	4,150
6995,825	4,150
7015,839	4,150
7035,853	4,150
7055,866	4,150
7075,880	4,150
7095,894	4,150
7115,908	4,150
7135,921	4,150
7155,935	4,150
7175,949	4,150
7195,963	4,150
7215,976	4,150
7235,990	4,150
7256,004	4,150
7276,018	4,150
7296,031	4,149
7316,045	4,149
7336,059	4,150
7356,073	4,149
7376,087	4,150
7396,100	4,149
7416,114	4,149
7436,128	4,149
7456,141	4,149
7476,155	4,149
7496,169	4,149
7516,183	4,149
7536,196	4,149
7556,210	4,149
7576,224	4,149
7596,238	4,149
7616,251	4,149
7636,265	4,149
7656,279	4,149
7676,293	4,149
7696,306	4,149
7716,320	4,148
7736,334	4,149
7756,347	4,149
7776,361	4,148
7796,375	4,149
7816,389	4,148
7836,403	4,148
7856,416	4,148
7876,430	4,148
7896,444	4,148
7916,457	4,148
7936,471	4,148
7956,485	4,148
7976,499	4,148
7996,512	4,148
8016,526	4,148
8036,540	4,148
8056,554	4,148
8076,567	4,148
8096,581	4,148
8116,595	4,148
8136,609	4,148
8156,622	4,148
8176,636	4,148
8196,650	4,148
8216,663	4,148
8236,677	4,148
8256,691	4,148
8276,705	4,147
8296,718	4,148
8316,732	4,147
8336,746	4,147
8356,760	4,147
8376,773	4,147
8396,787	4,147
8416,801	4,147
8436,815	4,147
8456,828	4,147
8476,842	4,147
8496,856	4,147
8516,870	4,147
8536,883	4,147
8556,897	4,147
8576,911	4,147
8596,925	4,147
8616,938	4,147
8636,952	4,147
8656,966	4,147
8676,980	4,146
8696,993	4,146
8717,007	4,146
8737,021	4,146
8757,035	4,146
8777,048	4,146
8797,062	4,146
8817,076	4,146
8837,090	4,146
8857,103	4,146
8877,117	4,146
8897,131	4,146
8917,145	4,146
8937,159	4,146
8957,172	4,145
8977,186	4,146
8997,199	4,145
9017,213	4,146
9037,227	4,145
9057,241	4,145
9077,254	4,145
9097,268	4,145
9117,282	4,145
9137,296	4,145
9157,310	4,145
9177,323	4,145
9197,337	4,145
9217,351	4,145
9237,364	4,145
9257,378	4,145
9277,392	4,145
9297,406	4,144
9317,419	4,144
9337,433	4,144
9357,447	4,144
9377,461	4,144
9397,474	4,144
9417,488	4,144
9437,502	4,144
9457,515	4,144
9477,529	4,144
9497,543	4,144
9517,557	4,144
9537,570	4,144
9557,584	4,144
9577,598	4,144
9597,612	4,144
9617,625	4,144
9637,639	4,144
9657,653	4,144
9677,667	4,144
9697,680	4,144
9717,694	4,143
9737,708	4,143
9757,722	4,143
9777,735	4,143
9797,749	4,143
9817,763	4,143
9837,777	4,143
9857,790	4,143
9877,804	4,143
9897,818	4,143
9917,832	4,143
9937,845	4,143
9957,859	4,142
9977,873	4,143
9997,886	4,143
10017,900	4,142
10037,914	4,142
10057,928	4,142
10077,942	4,142
10097,955	4,142
10117,969	4,142
10137,983	4,141
10157,996	4,142
10178,010	4,141
10198,024	4,142
10218,038	4,142
10238,052	4,141
10258,065	4,141
10278,079	4,141
10298,093	4,141
10318,106	4,141
10338,120	4,141
10358,134	4,141
10378,148	4,141
10398,161	4,140
10418,175	4,141
10438,189	4,140
10458,202	4,140
10478,216	4,140
10498,230	4,140
10518,244	4,140
10538,258	4,140
10558,271	4,140
10578,285	4,140
10598,299	4,140
10618,313	4,140
10638,326	4,140
10658,340	4,140
10678,354	4,140
10698,368	4,140
10718,381	4,139
10738,395	4,139
10758,409	4,139
10778,422	4,139
10798,436	4,139
10818,450	4,139
10838,464	4,139
10858,477	4,139
10878,491	4,139
10898,505	4,138
10918,519	4,138
10938,532	4,138
10958,546	4,138
10978,560	4,138
10998,574	4,138
11018,587	4,138
11038,601	4,138
11058,615	4,138
11078,629	4,138
11098,642	4,137
11118,656	4,137
11138,670	4,137
11158,684	4,137
11178,697	4,137
11198,711	4,136
11218,725	4,137
11238,739	4,137
11258,752	4,136
11278,766	4,136
11298,780	4,136
11318,794	4,136
11338,807	4,136
11358,821	4,136
11378,835	4,136
11398,848	4,135
11418,862	4,136
11438,876	4,135
11458,890	4,135
11478,903	4,135
11498,917	4,135
11518,931	4,135
11538,945	4,135
11558,958	4,135
11578,972	4,134
11598,986	4,134
11619,000	4,134
11639,013	4,134
11659,027	4,134
11679,041	4,134
11699,055	4,134
11719,068	4,134
11739,082	4,133
11759,096	4,133
11779,110	4,133
11799,123	4,133
11819,137	4,133
11839,151	4,132
11859,164	4,132
11879,179	4,132
11899,192	4,132
11919,206	4,132
11939,220	4,132
11959,233	4,132
11979,247	4,132
11999,261	4,131
12019,274	4,131
12039,288	4,131
12059,302	4,130
12079,316	4,130
12099,329	4,130
12119,343	4,130
12139,357	4,130
12159,371	4,130
12179,384	4,129
12199,398	4,130
12219,412	4,129
12239,426	4,129
12259,439	4,129
12279,453	4,129
12299,467	4,128
12319,481	4,128
12339,494	4,128
12359,508	4,128
12379,522	4,127
12399,536	4,127
12419,549	4,127
12439,563	4,127
12459,577	4,127
12479,590	4,127
12499,604	4,126
12519,618	4,126
12539,632	4,126
12559,645	4,126
12579,659	4,125
12599,673	4,125
12619,687	4,125
12639,701	4,125
12659,714	4,125
12679,728	4,125
12699,742	4,124
12719,755	4,124
12739,769	4,124
12759,783	4,123
12779,797	4,124
12799,810	4,123
12819,824	4,123
12839,838	4,123
12859,852	4,123
12879,865	4,123
12899,879	4,122
12919,893	4,122
12939,907	4,122
12959,920	4,122
12979,934	4,121
12999,948	4,121
13019,962	4,121
13039,975	4,120
13059,989	4,120
13080,003	4,120
13100,016	4,119
13120,030	4,119
13140,044	4,119
13160,058	4,119
13180,071	4,118
13200,085	4,118
13220,099	4,118
13240,113	4,118
13260,126	4,117
13280,140	4,117
13300,154	4,117
13320,168	4,116
13340,181	4,116
13360,195	4,116
13380,209	4,115
13400,223	4,115
13420,236	4,115
13440,250	4,115
13460,264	4,114
13480,278	4,114
13500,291	4,113
13520,305	4,113
13540,319	4,113
13560,333	4,113
13580,346	4,112
13600,360	4,112
13620,374	4,111
13640,387	4,111
13660,401	4,111
13680,415	4,110
13700,429	4,110
13720,443	4,110
13740,456	4,109
13760,470	4,109
13780,484	4,108
13800,497	4,108
13820,511	4,108
13840,525	4,107
13860,539	4,107
13880,552	4,106
13900,566	4,106
13920,580	4,105
13940,594	4,105
13960,607	4,105
13980,621	4,104
14000,635	4,103
14020,649	4,103
14040,662	4,103
14060,676	4,102
14080,690	4,102
14100,704	4,101
14120,717	4,101
14140,731	4,101
14160,745	4,100
14180,759	4,099
14200,772	4,099
14220,786	4,098
14240,800	4,098
14260,813	4,098
14280,827	4,098
14300,841	4,096
14320,855	4,096
14340,868	4,095
14360,882	4,095
14380,896	4,094
14400,910	4,094
14420,923	4,094
14440,937	4,093
14460,951	4,092
14480,965	4,092
14500,978	4,091
14520,992	4,091
14541,006	4,090
14561,020	4,089
14581,033	4,088
14601,047	4,088
14621,061	4,087
14641,075	4,087
14661,088	4,086
14681,102	4,085
14701,116	4,085
14721,130	4,084
14741,143	4,083
14761,157	4,083
14781,171	4,082
14801,184	4,081
14821,198	4,081
14841,212	4,080
14861,226	4,079
14881,240	4,079
14901,253	4,078
14921,267	4,077
14941,281	4,076
14961,294	4,076
14981,308	4,075
15001,322	4,074
15021,336	4,073
15041,349	4,073
15061,363	4,072
15081,377	4,071
15101,391	4,070
15121,404	4,069
15141,418	4,069
15161,432	4,068
15181,446	4,067
15201,459	4,066
15221,473	4,065
15241,487	4,065
15261,501	4,064
15281,514	4,063
15301,528	4,063
15321,542	4,061
15341,556	4,061
15361,569	4,060
15381,583	4,059
15401,597	4,058
15421,610	4,057
15441,625	4,056
15461,638	4,056
15481,652	4,055
15501,665	4,054
15521,679	4,053
15541,693	4,052
15561,707	4,051
15581,720	4,051
15601,734	4,050
15621,748	4,049
15641,762	4,048
15661,775	4,047
15681,789	4,047
15701,803	4,046
15721,817	4,045
15741,830	4,044
15761,844	4,043
15781,858	4,043
15801,872	4,042
15821,885	4,041
15841,899	4,040
15861,913	4,039
15881,927	4,039
15901,940	4,038
15921,954	4,037
15941,968	4,036
15961,982	4,035
15981,995	4,034
16002,009	4,033
16022,023	4,032
16042,037	4,031
16062,050	4,031
16082,064	4,030
16102,078	4,029
16122,092	4,028
16142,105	4,027
16162,119	4,027
16182,133	4,026
16202,146	4,025
16222,160	4,024
16242,174	4,023
16262,188	4,022
16282,201	4,022
16302,215	4,021
16322,229	4,020
16342,243	4,019
16362,256	4,018
16382,270	4,018
16402,284	4,017
16422,298	4,016
16442,311	4,015
16462,325	4,014
16482,339	4,013
16502,353	4,013
16522,366	4,012
16542,380	4,011
16562,394	4,010
16582,408	4,009
16602,421	4,008
16622,435	4,007
16642,449	4,007
16662,463	4,006
16682,476	4,005
16702,490	4,004
16722,504	4,003
16742,518	4,002
16762,531	4,002
16782,545	4,001
16802,559	4,000
16822,572	3,999
16842,586	3,998
16862,600	3,997
16882,614	3,996
16902,627	3,996
16922,641	3,995
16942,655	3,994
16962,669	3,993
16982,682	3,992
17002,696	3,991
17022,710	3,990
17042,724	3,989
17062,737	3,988
17082,751	3,987
17102,765	3,987
17122,779	3,985
17142,792	3,985
17162,806	3,984
17182,820	3,983
17202,834	3,982
17222,847	3,981
17242,861	3,980
17262,875	3,979
17282,889	3,978
17302,902	3,977
17322,916	3,976
17342,930	3,975
17362,943	3,974
17382,957	3,973
17402,971	3,972
17422,985	3,971
17442,998	3,970
17463,012	3,969
17483,026	3,967
17503,040	3,967
17523,053	3,965
17543,067	3,964
17563,081	3,963
17583,095	3,963
17603,108	3,961
17623,122	3,961
17643,136	3,959
17663,150	3,958
17683,163	3,958
17703,177	3,956
17723,191	3,955
17743,205	3,954
17763,219	3,953
17783,232	3,952
17803,246	3,951
17823,260	3,950
17843,273	3,949
17863,287	3,948
17883,301	3,947
17903,315	3,946
17923,328	3,945
17943,342	3,944
17963,356	3,942
17983,370	3,942
18003,383	3,940
18023,397	3,939
18043,411	3,938
18063,424	3,937
18083,438	3,936
18103,452	3,935
18123,466	3,934
18143,479	3,933
18163,493	3,931
18183,507	3,930
18203,521	3,929
18223,534	3,928
18243,548	3,927
18263,562	3,925
18283,576	3,925
18303,589	3,923
18323,603	3,922
18343,617	3,921
18363,631	3,920
18383,644	3,919
18403,658	3,917
18423,672	3,916
18443,686	3,915
18463,699	3,914
18483,713	3,913
18503,727	3,912
18523,741	3,910
18543,754	3,909
18563,768	3,908
18583,782	3,907
18603,796	3,906
18623,809	3,904
18643,823	3,903
18663,837	3,902
18683,850	3,901
18703,864	3,899
18723,878	3,898
18743,892	3,897
18763,905	3,895
18783,919	3,895
18803,933	3,893
18823,947	3,892
18843,960	3,891
18863,974	3,890
18883,988	3,888
18904,002	3,887
18924,015	3,886
18944,029	3,885
18964,043	3,883
18984,057	3,882
19004,070	3,881
19024,084	3,879
19044,098	3,878
19064,112	3,877
19084,125	3,876
19104,139	3,874
19124,153	3,873
19144,167	3,872
19164,180	3,870
19184,194	3,869
19204,208	3,868
19224,221	3,866
19244,235	3,866
19264,249	3,864
19284,263	3,863
19304,277	3,861
19324,290	3,860
19344,304	3,859
19364,318	3,858
19384,331	3,856
19404,345	3,855
19424,359	3,853
19444,373	3,853
19464,386	3,851
19484,400	3,850
19504,414	3,849
19524,428	3,847
19544,441	3,846
19564,455	3,845
19584,469	3,844
19604,483	3,842
19624,496	3,840
19644,510	3,840
19664,524	3,838
19684,538	3,837
19704,551	3,836
19724,565	3,834
19744,579	3,833
19764,593	3,832
19784,606	3,830
19804,620	3,829
19824,634	3,828
19844,648	3,826
19864,661	3,825
19884,675	3,824
19904,689	3,822
19924,702	3,821
19944,716	3,820
19964,730	3,819
19984,744	3,817
20004,757	3,816
20024,771	3,815
20044,785	3,814
20064,799	3,812
20084,812	3,811
20104,826	3,810
20124,840	3,808
20144,854	3,807
20164,867	3,806
20184,881	3,804
20204,895	3,803
20224,909	3,802
20244,922	3,800
20264,936	3,799
20284,950	3,798
20304,964	3,797
20324,977	3,794
20344,991	3,794
20365,005	3,792
20385,018	3,791
20405,032	3,790
20425,046	3,789
20445,060	3,787
20465,073	3,786
20485,087	3,785
20505,101	3,784
20525,114	3,782
20545,128	3,781
20565,142	3,780
20585,156	3,778
20605,170	3,777
20625,183	3,776
20645,197	3,774
20665,211	3,773
20685,225	3,772
20705,238	3,771
20725,252	3,769
20745,266	3,768
20765,279	3,767
20785,293	3,766
20805,307	3,764
20825,321	3,763
20845,335	3,762
20865,348	3,760
20885,362	3,759
20905,376	3,758
20925,390	3,757
20945,403	3,756
20965,417	3,754
20985,431	3,753
21005,444	3,752
21025,458	3,751
21045,472	3,749
21065,486	3,747
21085,499	3,747
21105,513	3,745
21125,527	3,744
21145,541	3,743
21165,554	3,742
21185,568	3,740
21205,582	3,739
21225,596	3,738
21245,609	3,736
21265,623	3,735
21285,637	3,734
21305,650	3,733
21325,665	3,731
21345,678	3,730
21365,692	3,729
21385,706	3,727
21405,719	3,726
21425,733	3,725
21445,747	3,724
21465,761	3,722
21485,774	3,721
21505,788	3,720
21525,802	3,719
21545,815	3,718
21565,830	3,717
21585,843	3,715
21605,857	3,714
21625,870	3,713
21645,884	3,712
21665,898	3,710
21685,912	3,709
21705,925	3,708
21725,939	3,706
21745,953	3,705
21765,967	3,704
21785,981	3,703
21805,994	3,701
21826,008	3,700
21846,022	3,699
21866,035	3,698
21886,049	3,697
21906,063	3,695
21926,077	3,694
21946,091	3,693
21966,104	3,692
21986,118	3,691
22006,132	3,689
22026,145	3,688
22046,159	3,687
22066,173	3,686
22086,187	3,684
22106,200	3,684
22126,214	3,682
22146,228	3,681
22166,242	3,679
22186,255	3,678
22206,269	3,677
22226,283	3,676
22246,297	3,675
22266,310	3,673
22286,324	3,672
22306,338	3,671
22326,351	3,670
22346,365	3,668
22366,379	3,667
22386,393	3,666
22406,407	3,665
22426,420	3,663
22446,434	3,662
22466,448	3,661
22486,461	3,660
22506,475	3,659
22526,489	3,658
22546,503	3,656
22566,516	3,655
22586,530	3,654
22606,544	3,653
22626,558	3,651
22646,571	3,650
22666,585	3,649
22686,599	3,648
22706,613	3,646
22726,626	3,645
22746,640	3,644
22766,654	3,643
22786,667	3,642
22806,681	3,641
22826,695	3,639
22846,709	3,638
22866,723	3,636
22886,736	3,636
22906,750	3,635
22926,764	3,633
22946,777	3,632
22966,791	3,631
22986,805	3,630
23006,819	3,629
23026,832	3,627
23046,846	3,626
23066,860	3,625
23086,874	3,624
23106,887	3,622
23126,901	3,621
23146,915	3,620
23166,929	3,618
23186,942	3,617
23206,956	3,616
23226,970	3,615
23246,984	3,614
23266,997	3,612
23287,011	3,611
23307,025	3,610
23327,039	3,609
23347,053	3,608
23367,066	3,606
23387,080	3,605
23407,093	3,604
23427,107	3,603
23447,121	3,602
23467,135	3,600
23487,148	3,599
23507,162	3,598
23527,176	3,596
23547,190	3,595
23567,203	3,594
23587,217	3,593
23607,231	3,591
23627,245	3,591
23647,258	3,589
23667,272	3,588
23687,286	3,587
23707,300	3,585
23727,313	3,584
23747,327	3,582
23767,341	3,581
23787,355	3,579
23807,368	3,578
23827,382	3,577
23847,396	3,575
23867,410	3,574
23887,423	3,572
23907,437	3,571
23927,451	3,570
23947,465	3,569
23967,478	3,567
23987,492	3,566
24007,506	3,564
24027,520	3,563
24047,533	3,561
24067,547	3,560
24087,561	3,558
24107,574	3,557
24127,588	3,555
24147,602	3,554
24167,616	3,552
24187,630	3,551
24207,643	3,549
24227,657	3,548
24247,671	3,546
24267,684	3,545
24287,698	3,544
24307,712	3,542
24327,726	3,540
24347,739	3,539
24367,753	3,537
24387,767	3,536
24407,781	3,534
24427,794	3,532
24447,808	3,531
24467,822	3,529
24487,836	3,528
24507,849	3,526
24527,863	3,525
24547,877	3,523
24567,891	3,521
24587,904	3,519
24607,918	3,518
24627,932	3,516
24647,946	3,515
24667,959	3,513
24687,973	3,512
24707,987	3,510
24728,001	3,508
24748,014	3,507
24768,028	3,505
24788,042	3,503
24808,055	3,501
24828,069	3,499
24848,083	3,498
24868,097	3,496
24888,111	3,494
24908,124	3,492
24928,138	3,490
24948,152	3,488
24968,165	3,486
24988,179	3,484
25008,193	3,482
25028,207	3,480
25048,220	3,478
25068,234	3,475
25088,248	3,473
25108,262	3,472
25128,275	3,469
25148,289	3,467
25168,303	3,465
25188,317	3,463
25208,330	3,460
25228,344	3,458
25248,358	3,456
25268,371	3,454
25288,385	3,451
25308,399	3,449
25328,413	3,447
25348,426	3,444
25368,440	3,442
25388,454	3,440
25408,468	3,438
25428,481	3,435
25448,495	3,433
25468,509	3,431
25488,523	3,428
25508,536	3,426
25528,550	3,423
25548,564	3,421
25568,578	3,418
25588,591	3,416
25608,605	3,414
25628,619	3,412
25648,633	3,409
25668,646	3,407
25688,660	3,404
25708,674	3,402
25728,688	3,399
25748,701	3,397
25768,715	3,394
25788,729	3,391
25808,742	3,388
25828,756	3,385
25848,770	3,383
25868,784	3,380
25888,797	3,377
25908,811	3,374
25928,825	3,370
25948,839	3,367
25968,852	3,364
25988,866	3,361
26008,880	3,358
26028,894	3,354
26048,907	3,350
26068,921	3,346
26088,935	3,343
26108,949	3,338
26128,962	3,334
26148,976	3,331
26168,990	3,327
26189,004	3,324
26209,017	3,319
26229,031	3,316
26249,045	3,312
26269,059	3,308
26289,072	3,304
26309,086	3,300
26329,100	3,296
26349,114	3,292
26369,127	3,288
26389,141	3,283
26409,155	3,280
26429,168	3,276
26449,182	3,271
26469,196	3,266
26489,210	3,263
26509,223	3,258
26529,237	3,254
26549,251	3,249
26567,736	3,244
26587,750	3,241
26606,750	3,235
26626,763	3,231
26646,777	3,226
26666,791	3,221
26686,804	3,216
26704,962	3,211
26724,492	3,206
26744,506	3,201
26761,103	3,195
26779,932	3,190
26798,042	3,185
26816,028	3,180
26833,468	3,174
26850,299	3,169
26868,426	3,164
26884,321	3,159
26901,090	3,153
26916,612	3,148
26933,225	3,143
26949,417	3,138
26964,517	3,132
26979,866	3,127
26994,654	3,122
27010,753	3,117
27025,166	3,111
27039,486	3,106
27054,212	3,101
27068,626	3,096
27083,975	3,090
27098,264	3,085
27112,990	3,080
27127,528	3,075
27142,035	3,069
27155,825	3,064
27169,646	3,059
27183,669	3,054
27197,771	3,048
27210,843	3,043
27224,914	3,038
27239,343	3,033
27253,351	3,027
27267,281	3,022
27280,291	3,017
27294,907	3,012
27308,369	3,006
27323,329	3,001
27326,371	3,000
