t/s	U/V
0,0000	3,3814
0,0466	3,3876
0,1558	3,3928
0,3898	3,3981
0,8265	3,4033
1,5597	3,4086
2,6361	3,4138
3,8687	3,4191
5,3035	3,4243
6,9414	3,4296
8,6262	3,4348
10,4825	3,4401
12,5727	3,4453
14,6786	3,4506
16,9249	3,4559
19,1244	3,4611
21,7919	3,4664
24,3189	3,4716
26,8928	3,4769
29,6538	3,4821
32,6801	3,4874
35,5971	3,4926
38,7326	3,4979
41,8993	3,5031
45,2999	3,5084
48,7004	3,5136
52,1791	3,5189
55,8136	3,5241
59,4950	3,5294
63,5197	3,5346
67,4974	3,5399
71,5532	3,5451
75,8430	3,5504
80,1327	3,5556
84,7190	3,5609
89,6483	3,5661
94,4216	3,5714
99,3197	3,5766
104,8108	3,5819
110,2704	3,5872
115,7770	3,5924
121,5642	3,5977
127,4764	3,6029
134,3087	3,6082
140,9540	3,6137
148,1295	3,6190
155,2741	3,6242
162,8397	3,6295
171,1228	3,6347
180,4199	3,6400
189,8886	3,6452
200,0125	3,6505
210,9007	3,6557
222,5376	3,6610
234,5491	3,6662
246,3888	3,6715
258,7746	3,6767
270,7860	3,6820
283,6396	3,6872
296,9769	3,6925
310,7823	3,6978
325,5233	3,7030
340,9510	3,7083
356,5034	3,7135
373,4597	3,7188
392,4282	3,7240
412,4420	3,7286
432,3621	3,7339
452,3759	3,7382
472,3896	3,7422
492,4035	3,7469
512,4173	3,7512
532,4308	3,7555
552,4446	3,7595
572,4584	3,7632
592,4721	3,7670
612,4860	3,7704
632,4996	3,7741
652,5132	3,7775
672,5271	3,7805
692,5408	3,7836
712,5545	3,7867
732,5683	3,7892
752,5820	3,7920
772,5957	3,7944
792,6096	3,7972
812,6233	3,8000
832,6371	3,8025
852,6507	3,8046
872,6645	3,8071
892,6782	3,8096
912,6919	3,8117
932,7057	3,8139
952,7196	3,8161
972,7331	3,8182
992,7469	3,8204
1012,7607	3,8226
1032,7744	3,8241
1052,7881	3,8263
1072,8019	3,8287
1092,8156	3,8303
1112,8294	3,8321
1132,8430	3,8340
1152,8568	3,8358
1172,8706	3,8377
1192,8843	3,8399
1212,8981	3,8417
1232,9118	3,8433
1252,9257	3,8451
1272,9393	3,8467
1292,9531	3,8485
1312,9668	3,8507
1332,9805	3,8522
1352,9943	3,8535
1373,0080	3,8556
1393,0218	3,8575
1413,0356	3,8590
1433,0492	3,8606
1453,0630	3,8624
1473,0767	3,8640
1493,0905	3,8658
1513,1042	3,8674
1533,1179	3,8689
1553,1317	3,8701
1573,1455	3,8720
1593,1592	3,8735
1613,1730	3,8754
1633,1866	3,8766
1653,2004	3,8782
1673,2141	3,8800
1693,2279	3,8819
1713,2416	3,8834
1733,2554	3,8853
1753,2691	3,8865
1773,2829	3,8881
1793,2966	3,8899
1813,3105	3,8911
1833,3240	3,8927
1853,3378	3,8945
1873,3515	3,8958
1893,3655	3,8976
1913,3790	3,8989
1933,3928	3,9007
1953,4066	3,9023
1973,4203	3,9035
1993,4340	3,9050
2013,4477	3,9069
2033,4615	3,9081
2053,4752	3,9100
2073,4890	3,9115
2093,5028	3,9131
2113,5164	3,9149
2133,5303	3,9165
2153,5439	3,9177
2173,5577	3,9193
2193,5714	3,9208
2213,5852	3,9223
2233,5990	3,9239
2253,6129	3,9254
2273,6264	3,9273
2293,6401	3,9285
2313,6539	3,9301
2333,6678	3,9316
2353,6814	3,9332
2373,6951	3,9350
2393,7088	3,9366
2413,7226	3,9378
2433,7363	3,9397
2453,7501	3,9409
2473,7640	3,9430
2493,7775	3,9443
2513,7913	3,9461
2533,8050	3,9474
2553,8188	3,9492
2573,8325	3,9508
2593,8463	3,9523
2613,8600	3,9539
2633,8737	3,9557
2653,8875	3,9570
2673,9012	3,9585
2693,9150	3,9600
2713,9288	3,9622
2733,9425	3,9634
2753,9562	3,9653
2773,9700	3,9668
2793,9836	3,9684
2813,9974	3,9699
2834,0111	3,9718
2854,0249	3,9733
2874,0386	3,9749
2894,0526	3,9764
2914,0661	3,9786
2934,0799	3,9798
2954,0936	3,9820
2974,1074	3,9832
2994,1211	3,9854
3014,1348	3,9869
3034,1488	3,9885
3054,1623	3,9903
3074,1760	3,9919
3094,1898	3,9937
3114,2035	3,9956
3134,2172	3,9971
3154,2310	3,9990
3174,2448	4,0008
3194,2585	4,0021
3214,2724	4,0039
3234,2859	4,0058
3254,3001	4,0076
3274,3134	4,0092
3294,3272	4,0110
3314,3410	4,0126
3334,3547	4,0144
3354,3684	4,0163
3374,3822	4,0181
3394,3960	4,0200
3414,4097	4,0215
3434,4235	4,0234
3454,4371	4,0255
3474,4509	4,0271
3494,4647	4,0292
3514,4784	4,0311
3534,4922	4,0326
3554,5062	4,0345
3574,5199	4,0360
3594,5333	4,0379
3614,5471	4,0397
3634,5610	4,0416
3654,5746	4,0435
3674,5883	4,0456
3694,6021	4,0472
3714,6158	4,0490
3734,6295	4,0509
3754,6433	4,0527
3774,6570	4,0546
3794,6707	4,0564
3814,6847	4,0583
3834,6983	4,0604
3854,7122	4,0620
3874,7257	4,0642
3894,7394	4,0657
3914,7532	4,0676
3934,7669	4,0694
3954,7808	4,0713
3974,7944	4,0734
3994,8082	4,0753
4014,8220	4,0774
4034,8358	4,0790
4054,8495	4,0815
4074,8633	4,0830
4094,8769	4,0852
4114,8907	4,0870
4134,9044	4,0886
4154,9181	4,0907
4174,9318	4,0926
4194,9456	4,0944
4214,9593	4,0963
4234,9732	4,0981
4254,9869	4,1003
4275,0006	4,1022
4295,0143	4,1040
4315,0280	4,1059
4335,0418	4,1080
4355,0555	4,1099
4375,0695	4,1120
4395,0830	4,1139
4415,0969	4,1154
4435,1105	4,1170
4455,1243	4,1191
4475,1380	4,1207
4495,1518	4,1222
4515,1655	4,1241
4535,1792	4,1256
4555,1929	4,1275
4575,2068	4,1293
4595,2204	4,1306
4615,2342	4,1324
4635,2479	4,1343
4655,2617	4,1358
4675,2754	4,1380
4695,2892	4,1398
4715,3030	4,1417
4735,3167	4,1435
4755,3303	4,1454
4775,3441	4,1476
4795,3579	4,1497
4815,3716	4,1516
4835,3853	4,1534
4855,3995	4,1556
4875,4127	4,1571
4895,4270	4,1593
4915,4404	4,1609
4935,4542	4,1630
4955,4677	4,1649
4975,4815	4,1667
4995,4952	4,1689
5015,5092	4,1701
5035,5228	4,1720
5055,5365	4,1735
5075,5502	4,1760
5095,5640	4,1775
5115,5777	4,1791
5135,5916	4,1809
5155,6053	4,1825
5175,6189	4,1840
5195,6326	4,1859
5215,6465	4,1877
5235,6601	4,1890
5255,6739	4,1902
5275,6877	4,1921
5295,7014	4,1936
5315,7151	4,1948
5335,7290	4,1964
5355,7426	4,1982
5375,7563	4,1998
5395,7701	4,2007
5415,7840	4,2019
5435,7976	4,2038
5455,8114	4,2053
5475,8250	4,2066
5495,8387	4,2078
5515,8525	4,2094
5535,8666	4,2106
5555,8800	4,2115
5575,8942	4,2128
5595,9075	4,2140
5615,9212	4,2152
5635,9350	4,2162
5655,9487	4,2177
5675,9625	4,2183
5695,9763	4,2195
5715,9899	4,2211
5736,0036	4,2217
5756,0174	4,2226
5776,0313	4,2236
5796,0449	4,2251
5816,0588	4,2260
5836,0724	4,2270
5856,0863	4,2276
5876,0999	4,2288
5896,1136	4,2291
5916,1275	4,2304
5936,1411	4,2313
5956,1550	4,2319
5976,1686	4,2331
5996,1824	4,2335
6016,1961	4,2341
6036,2098	4,2353
6056,2235	4,2359
6076,2373	4,2365
6096,2511	4,2375
6116,2648	4,2378
6136,2786	4,2387
6156,2925	4,2393
6176,3061	4,2402
6196,3198	4,2409
6216,3336	4,2415
6236,3472	4,2418
6256,3610	4,2424
6276,3748	4,2430
6296,3885	4,2440
6316,4022	4,2440
6336,4160	4,2446
6356,4296	4,2455
6376,4436	4,2458
6396,4572	4,2464
6416,4711	4,2470
6436,4846	4,2474
6456,4984	4,2480
6476,5121	4,2483
6496,5259	4,2489
6516,5396	4,2489
6536,5535	4,2498
6556,5672	4,2501
6576,5808	4,2508
6596,5946	4,2508
6616,6084	4,2514
6636,6221	4,2520
6656,6358	4,2520
6676,6495	4,2529
6696,6635	4,2529
6716,6770	4,2532
6736,6908	4,2538
6756,7045	4,2541
6776,7183	4,2545
6796,7320	4,2551
6816,7458	4,2554
6836,7596	4,2557
6856,7732	4,2560
6876,7870	4,2563
6896,8007	4,2569
6916,8145	4,2572
6936,8284	4,2575
6956,8420	4,2579
6976,8558	4,2582
6996,8695	4,2585
7016,8832	4,2585
7036,8969	4,2588
7056,9107	4,2591
7076,9244	4,2597
7096,9382	4,2597
7116,9518	4,2603
7136,9657	4,2606
7156,9793	4,2609
7176,9932	4,2613
7197,0068	4,2613
7217,0206	4,2616
7237,0343	4,2619
7257,0482	4,2622
7277,0618	4,2625
7297,0756	4,2628
7317,0893	4,2634
7337,1030	4,2634
7357,1168	4,2637
7377,1306	4,2637
7397,1443	4,2640
7417,1580	4,2643
7437,1717	4,2647
7457,1856	4,2647
7477,1993	4,2653
7497,2130	4,2656
7517,2267	4,2659
7537,2404	4,2662
7557,2543	4,2662
7577,2680	4,2665
7597,2817	4,2665
7617,2955	4,2668
7637,3091	4,2671
7657,3229	4,2671
7677,3367	4,2674
7697,3504	4,2677
7717,3642	4,2681
7737,3779	4,2677
7757,3916	4,2684
7777,4054	4,2684
7797,4191	4,2684
7817,4331	4,2687
7837,4468	4,2690
7857,4603	4,2690
7877,4741	4,2690
7897,4879	4,2690
7917,5015	4,2690
7937,5154	4,2693
7957,5291	4,2702
7977,5428	4,2699
7997,5565	4,2699
8017,5703	4,2705
8037,5840	4,2705
8057,5977	4,2708
8077,6114	4,2708
8097,6253	4,2708
8117,6390	4,2708
8137,6528	4,2711
8157,6665	4,2711
8177,6802	4,2715
8197,6939	4,2715
8217,7077	4,2715
8237,7216	4,2718
8257,7352	4,2718
8277,7489	4,2721
8297,7628	4,2724
8317,7764	4,2724
8337,7902	4,2727
8357,8038	4,2727
8377,8179	4,2727
8397,8314	4,2733
8417,8451	4,2733
8437,8589	4,2733
8457,8726	4,2733
8477,8863	4,2736
8497,9001	4,2733
8517,9138	4,2736
8537,9275	4,2736
8557,9413	4,2739
8577,9551	4,2742
8597,9688	4,2739
8617,9825	4,2745
8637,9963	4,2742
8658,0101	4,2742
8678,0237	4,2745
8698,0374	4,2745
8718,0512	4,2748
8738,0650	4,2748
8758,0789	4,2752
8778,0926	4,2752
8798,1062	4,2752
8818,1199	4,2755
8838,1335	4,2755
8858,1475	4,2755
8878,1612	4,2758
8898,1750	4,2755
8918,1887	4,2758
8938,2025	4,2761
8958,2161	4,2761
8978,2300	4,2761
8998,2436	4,2761
9018,2574	4,2761
9038,2711	4,2767
9058,2849	4,2764
9078,2986	4,2764
9098,3123	4,2767
9118,3261	4,2770
9138,3399	4,2770
9158,3535	4,2767
9178,3674	4,2773
9198,3810	4,2770
9218,3948	4,2773
9238,4086	4,2773
9258,4223	4,2773
9278,4360	4,2776
9298,4498	4,2773
9318,4635	4,2776
9338,4773	4,2773
9358,4910	4,2779
9378,5047	4,2776
9398,5185	4,2779
9418,5322	4,2779
9438,5460	4,2779
9458,5597	4,2782
9478,5735	4,2779
9498,5871	4,2782
9518,6009	4,2782
9538,6147	4,2782
9558,6285	4,2782
9578,6422	4,2782
9598,6559	4,2782
9618,6697	4,2786
9638,6834	4,2786
9658,6971	4,2786
9678,7108	4,2789
9698,7247	4,2789
9718,7383	4,2786
9738,7521	4,2786
9758,7658	4,2792
9778,7796	4,2795
9798,7933	4,2795
9818,8071	4,2792
9838,8208	4,2792
9858,8347	4,2798
9878,8482	4,2795
9898,8620	4,2795
9918,8757	4,2798
9938,8895	4,2798
9958,9032	4,2798
9978,9170	4,2798
9998,9308	4,2801
10018,9445	4,2801
10038,9579	4,2804
10058,9724	4,2801
10078,9857	4,2804
10098,9995	4,2804
10119,0132	4,2804
10139,0271	4,2804
10159,0406	4,2807
10179,0544	4,2807
10199,0681	4,2807
10219,0818	4,2810
10239,0956	4,2807
10259,1093	4,2807
10279,1231	4,2807
10299,1367	4,2810
10319,1506	4,2813
10339,1643	4,2810
10359,1781	4,2816
10379,1918	4,2810
10399,2057	4,2816
10419,2195	4,2816
10439,2331	4,2820
10459,2469	4,2820
10479,2606	4,2820
10499,2744	4,2816
10519,2880	4,2820
10539,3018	4,2820
10559,3155	4,2820
10579,3292	4,2820
10599,3430	4,2823
10619,3567	4,2823
10639,3704	4,2823
10659,3842	4,2823
10679,3979	4,2826
10699,4119	4,2829
10719,4256	4,2829
10739,4391	4,2829
10759,4529	4,2829
10779,4666	4,2832
10799,4803	4,2829
10819,4941	4,2832
10839,5079	4,2832
10859,5216	4,2835
10879,5353	4,2835
10899,5491	4,2835
10919,5629	4,2835
10939,5766	4,2835
10959,5902	4,2838
10979,6041	4,2835
10999,6179	4,2835
11019,6316	4,2838
11039,6452	4,2838
11059,6590	4,2844
11079,6728	4,2844
11099,6865	4,2847
11119,7003	4,2847
11139,7140	4,2847
11159,7278	4,2844
11179,7415	4,2847
11199,7552	4,2850
11219,7690	4,2850
11239,7827	4,2850
11259,7966	4,2850
11279,8101	4,2854
11299,8239	4,2850
11319,8377	4,2854
11339,8514	4,2854
11359,8652	4,2857
11379,8790	4,2857
11399,8927	4,2857
11419,9064	4,2860
11439,9201	4,2860
11459,9340	4,2860
11479,9476	4,2860
11499,9613	4,2866
11519,9751	4,2866
11539,9889	4,2866
11560,0026	4,2866
11580,0163	4,2863
11600,0300	4,2869
11620,0438	4,2869
11640,0575	4,2869
11660,0714	4,2872
11680,0851	4,2872
11700,0988	4,2872
11720,1126	4,2875
11740,1263	4,2872
11760,1400	4,2875
11780,1538	4,2878
11800,1675	4,2878
11820,1814	4,2878
11840,1951	4,2878
11860,2087	4,2881
11880,2224	4,2881
11900,2362	4,2884
11920,2499	4,2884
11940,2637	4,2884
11960,2774	4,2884
11980,2912	4,2884
12000,3049	4,2888
12020,3187	4,2888
12040,3324	4,2891
12060,3461	4,2891
12080,3599	4,2891
12100,3736	4,2894
12120,3874	4,2894
12140,4011	4,2897
12160,4148	4,2897
12180,4285	4,2900
12200,4423	4,2900
12220,4562	4,2903
12240,4697	4,2903
12260,4836	4,2906
12280,4972	4,2906
12300,5111	4,2909
12320,5247	4,2909
12340,5386	4,2912
12360,5523	4,2912
12380,5660	4,2912
12400,5797	4,2912
12420,5936	4,2918
12440,6072	4,2912
12460,6210	4,2918
12480,6347	4,2918
12500,6485	4,2921
12520,6622	4,2921
12540,6760	4,2925
12560,6896	4,2928
12580,7035	4,2925
12600,7171	4,2925
12620,7309	4,2928
12640,7446	4,2931
12660,7588	4,2931
12680,7722	4,2931
12700,7859	4,2934
12720,7996	4,2937
12740,8136	4,2934
12760,8271	4,2937
12780,8409	4,2937
12800,8545	4,2940
12820,8683	4,2940
12840,8820	4,2943
12860,8958	4,2943
12880,9095	4,2946
12900,9233	4,2946
12920,9370	4,2946
12940,9507	4,2952
12960,9645	4,2952
12980,9783	4,2952
13000,9921	4,2955
13021,0058	4,2955
13041,0195	4,2959
13061,0333	4,2962
13081,0469	4,2962
13101,0607	4,2962
13121,0744	4,2965
13141,0883	4,2971
13161,1019	4,2968
13181,1157	4,2971
13201,1293	4,2971
13221,1431	4,2974
13241,1569	4,2974
13261,1708	4,2977
13281,1844	4,2977
13301,1982	4,2980
13321,2118	4,2980
13341,2256	4,2983
13361,2393	4,2983
13381,2531	4,2986
13401,2668	4,2986
13421,2806	4,2986
13441,2943	4,2993
13461,3080	4,2996
13481,3218	4,2996
13501,3355	4,2996
13521,3497	4,2999
13541,3630	4,3002
13561,3767	4,3002
13581,3905	4,3002
13601,4044	4,3002
13621,4180	4,3008
13641,4316	4,3011
13661,4455	4,3011
13681,4592	4,3014
13701,4730	4,3017
13721,4866	4,3017
13741,5004	4,3014
13761,5141	4,3020
13781,5278	4,3020
13801,5417	4,3027
13821,5553	4,3023
13841,5691	4,3030
13861,5829	4,3033
13881,5967	4,3033
13901,6104	4,3036
13921,6241	4,3036
13941,6379	4,3039
13961,6517	4,3039
13981,6654	4,3039
14001,6790	4,3045
14021,6928	4,3045
14041,7065	4,3045
14061,7205	4,3051
14081,7340	4,3051
14101,7478	4,3054
14121,7615	4,3057
14141,7753	4,3057
14161,7890	4,3061
14181,8028	4,3057
14201,8165	4,3061
14221,8303	4,3067
14241,8439	4,3067
14261,8580	4,3067
14281,8715	4,3070
14301,8852	4,3070
14321,8989	4,3073
14341,9127	4,3076
14361,9266	4,3076
14381,9402	4,3079
14401,9539	4,3079
14421,9676	4,3082
14441,9814	4,3082
14461,9952	4,3082
14482,0088	4,3085
14502,0225	4,3085
14522,0363	4,3091
14542,0501	4,3095
14562,0637	4,3095
14582,0776	4,3095
14602,0914	4,3101
14622,1048	4,3104
14642,1188	4,3104
14662,1326	4,3107
14682,1461	4,3107
14702,1600	4,3107
14722,1738	4,3113
14742,1873	4,3113
14762,2012	4,3113
14782,2151	4,3116
14802,2285	4,3119
14822,2427	4,3122
14842,2563	4,3122
14862,2697	4,3122
14882,2837	4,3122
14902,2975	4,3125
14922,3110	4,3128
14942,3249	4,3132
14962,3387	4,3132
14982,3522	4,3132
15002,3661	4,3138
15022,3799	4,3138
15042,3934	4,3138
15062,4075	4,3138
15082,4211	4,3144
15102,4347	4,3144
15122,4486	4,3147
15142,4624	4,3147
15162,4759	4,3150
15182,4899	4,3153
15202,5036	4,3153
15222,5171	4,3153
15242,5310	4,3153
15262,5449	4,3156
15282,5583	4,3159
15302,5723	4,3159
15322,5860	4,3162
15342,5996	4,3162
15362,6135	4,3166
15382,6272	4,3166
15402,6408	4,3172
15422,6547	4,3169
15442,6684	4,3169
15462,6820	4,3175
15482,6959	4,3175
15502,7097	4,3175
15522,7232	4,3175
15542,7372	4,3178
15562,7509	4,3178
15582,7645	4,3178
15602,7784	4,3181
15622,7921	4,3181
15642,8057	4,3184
15662,8197	4,3184
15682,8333	4,3184
15702,8470	4,3187
15722,8609	4,3190
15742,8748	4,3187
15762,8881	4,3190
15782,9022	4,3193
15802,9159	4,3190
15822,9294	4,3196
15842,9433	4,3196
15862,9572	4,3200
15882,9708	4,3200
15902,9847	4,3203
15922,9983	4,3200
15943,0120	4,3203
15963,0257	4,3203
15983,0395	4,3203
16003,0532	4,3203
16023,0670	4,3209
16043,0807	4,3209
16063,0945	4,3209
16083,1082	4,3212
16103,1220	4,3209
16123,1361	4,3212
16143,1494	4,3215
16163,1632	4,3215
16183,1769	4,3215
16203,1906	4,3218
16223,2045	4,3218
16243,2181	4,3221
16263,2319	4,3224
16283,2456	4,3221
16303,2596	4,3224
16323,2731	4,3221
16343,2869	4,3224
16363,3006	4,3224
16383,3144	4,3224
16403,3280	4,3227
16423,3418	4,3224
16443,3556	4,3227
16463,3693	4,3230
16483,3830	4,3230
16503,3969	4,3230
16523,4105	4,3230
16543,4243	4,3234
16563,4383	4,3234
16583,4521	4,3234
16603,4655	4,3234
16623,4793	4,3234
16643,4930	4,3240
16663,5067	4,3240
16683,5204	4,3237
16703,5343	4,3243
16723,5481	4,3246
16743,5619	4,3246
16763,5756	4,3243
16783,5891	4,3246
16803,6029	4,3246
16823,6167	4,3246
16843,6304	4,3249
16863,6445	4,3249
16883,6579	4,3249
16903,6716	4,3246
16923,6853	4,3252
16943,6991	4,3249
16963,7129	4,3252
16983,7266	4,3252
17003,7403	4,3252
17023,7542	4,3249
17043,7678	4,3252
17063,7818	4,3255
17083,7954	4,3255
17103,8090	4,3255
17123,8228	4,3258
17143,8367	4,3255
17163,8502	4,3261
17183,8641	4,3258
17203,8777	4,3261
17223,8915	4,3261
17243,9052	4,3258
17263,9190	4,3264
17283,9329	4,3264
17303,9464	4,3264
17323,9602	4,3264
17343,9740	4,3264
17363,9877	4,3264
17384,0014	4,3268
17404,0151	4,3268
17424,0290	4,3271
17444,0426	4,3268
17464,0564	4,3271
17484,0702	4,3271
17504,0839	4,3274
17524,0977	4,3274
17544,1114	4,3274
17564,1251	4,3271
17584,1389	4,3277
17604,1525	4,3274
17624,1663	4,3277
17644,1801	4,3277
17664,1938	4,3277
17684,2075	4,3277
17704,2212	4,3280
17724,2351	4,3280
17744,2488	4,3280
17764,2625	4,3280
17784,2763	4,3283
17804,2900	4,3280
17824,3038	4,3280
17844,3175	4,3283
17864,3315	4,3280
17884,3450	4,3283
17904,3587	4,3286
17924,3724	4,3283
17944,3862	4,3286
17964,3999	4,3289
17984,4136	4,3286
18004,4275	4,3286
18024,4412	4,3289
18044,4550	4,3289
18064,4687	4,3286
18084,4824	4,3286
18104,4962	4,3292
18124,5099	4,3292
18144,5236	4,3289
18164,5375	4,3289
18184,5511	4,3289
18204,5648	4,3295
18224,5786	4,3295
18244,5923	4,3295
18264,6063	4,3295
18284,6198	4,3298
18304,6334	4,3295
18324,6473	4,3298
18344,6611	4,3298
18364,6748	4,3298
18384,6885	4,3301
18404,7024	4,3301
18424,7162	4,3301
18444,7297	4,3301
18464,7435	4,3301
18484,7572	4,3301
18504,7709	4,3301
18524,7847	4,3305
18544,7985	4,3305
18564,8123	4,3308
18584,8260	4,3308
18604,8397	4,3308
18624,8534	4,3311
18644,8671	4,3311
18664,8809	4,3308
18684,8946	4,3308
18704,9084	4,3311
18724,9221	4,3311
18744,9358	4,3311
18764,9498	4,3311
18784,9634	4,3314
18804,9771	4,3314
18824,9909	4,3311
18845,0046	4,3317
18865,0183	4,3314
18885,0321	4,3314
18905,0458	4,3317
18925,0595	4,3317
18945,0732	4,3317
18965,0870	4,3317
18985,1010	4,3317
19005,1145	4,3320
19025,1283	4,3317
19045,1420	4,3320
19065,1557	4,3320
19085,1695	4,3320
19105,1833	4,3320
19125,1970	4,3323
19145,2107	4,3323
19165,2248	4,3320
19185,2383	4,3326
19205,2519	4,3326
19225,2657	4,3323
19245,2795	4,3326
19265,2931	4,3326
19285,3069	4,3326
19305,3207	4,3329
19325,3343	4,3329
19345,3482	4,3329
19365,3618	4,3329
19385,3756	4,3332
19405,3893	4,3329
19425,4031	4,3332
19445,4168	4,3332
19465,4309	4,3332
19485,4443	4,3332
19505,4581	4,3335
19525,4718	4,3332
19545,4857	4,3335
19565,4994	4,3335
19585,5130	4,3339
19605,5267	4,3335
19625,5405	4,3335
19645,5542	4,3335
19665,5680	4,3339
19685,5818	4,3339
19705,5954	4,3339
19725,6092	4,3342
19745,6230	4,3339
19765,6367	4,3342
19785,6504	4,3342
19805,6642	4,3342
19825,6780	4,3345
19845,6916	4,3345
19865,7055	4,3345
19885,7191	4,3345
19905,7328	4,3345
19925,7466	4,3348
19945,7604	4,3348
19965,7741	4,3351
19985,7879	4,3348
20005,8016	4,3348
20025,8155	4,3351
20045,8290	4,3354
20065,8429	4,3351
20085,8569	4,3354
20105,8704	4,3354
20125,8841	4,3354
20145,8979	4,3354
20165,9115	4,3357
20185,9253	4,3354
20205,9390	4,3357
20225,9527	4,3360
20245,9666	4,3357
20265,9802	4,3357
20285,9939	4,3357
20306,0079	4,3357
20326,0214	4,3357
20346,0352	4,3360
20366,0489	4,3360
20386,0628	4,3363
20406,0766	4,3363
20426,0901	4,3363
20446,1039	4,3366
20466,1181	4,3363
20486,1314	4,3366
20506,1452	4,3366
20526,1591	4,3366
20546,1726	4,3369
20566,1862	4,3369
20586,2001	4,3369
20606,2138	4,3369
20626,2276	4,3373
20646,2414	4,3373
20666,2552	4,3373
20686,2687	4,3376
20706,2826	4,3373
20726,2963	4,3373
20746,3100	4,3379
20766,3239	4,3376
20786,3376	4,3379
20806,3513	4,3379
20826,3651	4,3379
20846,3787	4,3376
20866,3925	4,3379
20886,4062	4,3379
20906,4200	4,3385
20926,4337	4,3382
20946,4475	4,3382
20966,4612	4,3385
20986,4750	4,3379
21006,4887	4,3385
21026,5025	4,3385
21046,5161	4,3391
21066,5300	4,3385
21086,5437	4,3391
21106,5574	4,3391
21126,5711	4,3388
21146,5849	4,3391
21166,5986	4,3391
21186,6123	4,3391
21206,6261	4,3394
21226,6399	4,3394
21246,6536	4,3394
21266,6674	4,3394
21286,6811	4,3397
21306,6948	4,3397
21326,7086	4,3397
21346,7223	4,3397
21366,7360	4,3400
21386,7498	4,3400
21406,7636	4,3400
21426,7772	4,3403
21446,7911	4,3403
21466,8048	4,3400
21486,8185	4,3403
21506,8322	4,3403
21526,8460	4,3407
21546,8598	4,3407
21566,8734	4,3407
21586,8872	4,3410
21606,9010	4,3407
21626,9146	4,3410
21646,9284	4,3407
21666,9422	4,3410
21686,9559	4,3413
21706,9696	4,3413
21726,9834	4,3416
21746,9971	4,3416
21767,0112	4,3413
21787,0247	4,3419
21807,0383	4,3419
21827,0519	4,3419
21847,0659	4,3422
21867,0796	4,3419
21887,0933	4,3419
21907,1071	4,3422
21927,1208	4,3425
21947,1345	4,3425
21967,1483	4,3425
21987,1620	4,3422
22007,1758	4,3428
22027,1895	4,3428
22047,2032	4,3431
22067,2172	4,3431
22087,2307	4,3431
22107,2447	4,3431
22127,2582	4,3434
22147,2720	4,3434
22167,2857	4,3434
22187,2994	4,3437
22207,3132	4,3441
22227,3270	4,3437
22247,3407	4,3437
22267,3544	4,3441
22287,3682	4,3441
22307,3820	4,3441
22327,3956	4,3444
22347,4094	4,3444
22367,4231	4,3447
22387,4368	4,3447
22407,4506	4,3450
22427,4644	4,3450
22447,4781	4,3450
22467,4920	4,3456
22487,5056	4,3453
22507,5193	4,3453
22527,5330	4,3456
22547,5470	4,3453
22567,5605	4,3456
22587,5743	4,3453
22607,5880	4,3462
22627,6019	4,3462
22647,6155	4,3465
22667,6293	4,3465
22687,6430	4,3465
22707,6567	4,3468
22727,6705	4,3468
22747,6843	4,3468
22767,6979	4,3471
22787,7119	4,3471
22807,7254	4,3471
22827,7392	4,3474
22847,7529	4,3474
22867,7667	4,3474
22887,7804	4,3478
22907,7943	4,3474
22927,8079	4,3474
22947,8216	4,3478
22967,8354	4,3481
22987,8491	4,3481
23007,8630	4,3478
23027,8766	4,3481
23047,8903	4,3484
23067,9044	4,3487
23087,9178	4,3493
23107,9315	4,3493
23127,9454	4,3496
23147,9591	4,3493
23167,9728	4,3493
23187,9866	4,3499
23208,0002	4,3499
23228,0139	4,3499
23248,0277	4,3499
23268,0415	4,3499
23288,0552	4,3502
23308,0689	4,3505
23328,0828	4,3505
23348,0964	4,3505
23368,1102	4,3508
23388,1240	4,3512
23408,1379	4,3515
23428,1514	4,3515
23448,1651	4,3515
23468,1791	4,3515
23488,1926	4,3518
23508,2064	4,3521
23528,2201	4,3521
23548,2341	4,3521
23568,2477	4,3524
23588,2615	4,3527
23608,2750	4,3530
23628,2889	4,3527
23648,3026	4,3530
23668,3163	4,3530
23688,3301	4,3533
23708,3438	4,3536
23728,3575	4,3533
23748,3714	4,3539
23768,3850	4,3539
23788,3988	4,3542
23808,4126	4,3539
23828,4263	4,3546
23848,4401	4,3549
23868,4537	4,3549
23888,4675	4,3549
23908,4813	4,3549
23928,4952	4,3552
23948,5088	4,3552
23968,5225	4,3555
23988,5362	4,3558
24008,5499	4,3558
24028,5637	4,3564
24048,5774	4,3564
24068,5912	4,3564
24088,6051	4,3567
24108,6186	4,3567
24128,6324	4,3570
24148,6462	4,3576
24168,6599	4,3573
24188,6737	4,3573
24208,6875	4,3580
24228,7011	4,3580
24248,7148	4,3580
24268,7286	4,3583
24288,7424	4,3583
24308,7561	4,3586
24328,7698	4,3592
24348,7836	4,3592
24368,7976	4,3595
24388,8111	4,3595
24408,8248	4,3595
24428,8386	4,3598
24448,8523	4,3601
24468,8660	4,3604
24488,8798	4,3607
24508,8935	4,3610
24528,9073	4,3607
24548,9210	4,3614
24568,9347	4,3614
24588,9485	4,3614
24608,9622	4,3617
24628,9759	4,3620
24648,9897	4,3626
24669,0036	4,3626
24689,0172	4,3626
24709,0309	4,3629
24729,0446	4,3629
24749,0584	4,3635
24769,0722	4,3638
24789,0859	4,3638
24809,0996	4,3644
24829,1135	4,3644
24849,1273	4,3651
24869,1408	4,3644
24889,1547	4,3654
24909,1684	4,3654
24929,1821	4,3657
24949,1958	4,3660
24969,2096	4,3660
24989,2233	4,3663
25009,2371	4,3669
25029,2508	4,3669
25049,2645	4,3672
25069,2782	4,3675
25089,2920	4,3675
25109,3056	4,3678
25129,3195	4,3681
25149,3336	4,3685
25169,3471	4,3688
25189,3607	4,3691
25209,3744	4,3697
25229,3882	4,3697
25249,4019	4,3700
25269,4156	4,3703
25289,4295	4,3706
25309,4431	4,3706
25329,4568	4,3709
25349,4706	4,3715
25369,4843	4,3719
25389,4981	4,3722
25409,5118	4,3722
25429,5256	4,3725
25449,5393	4,3728
25469,5531	4,3731
25489,5668	4,3734
25509,5807	4,3737
25529,5943	4,3740
25549,6081	4,3740
25569,6218	4,3746
25589,6355	4,3749
25609,6493	4,3753
25629,6630	4,3749
25649,6767	4,3756
25669,6908	4,3762
25689,7042	4,3765
25709,7181	4,3768
25729,7317	4,3771
25749,7455	4,3771
25769,7592	4,3780
25789,7730	4,3780
25809,7867	4,3787
25829,8005	4,3790
25849,8142	4,3793
25869,8279	4,3796
25889,8416	4,3802
25909,8554	4,3805
25929,8691	4,3805
25949,8829	4,3811
25969,8967	4,3814
25989,9105	4,3817
26009,9241	4,3821
26029,9379	4,3821
26049,9516	4,3827
26069,9654	4,3833
26089,9791	4,3836
26109,9928	4,3839
26130,0066	4,3839
26150,0203	4,3848
26170,0341	4,3851
26190,0479	4,3861
26210,0615	4,3858
26230,0753	4,3867
26250,0890	4,3870
26270,1027	4,3873
26290,1166	4,3876
26310,1302	4,3879
26330,1440	4,3885
26350,1578	4,3892
26370,1715	4,3892
26390,1852	4,3898
26410,1989	4,3901
26430,2127	4,3904
26450,2265	4,3910
26470,2401	4,3916
26490,2539	4,3922
26510,2677	4,3922
26530,2814	4,3929
26550,2953	4,3932
26570,3089	4,3938
26590,3227	4,3947
26610,3364	4,3947
26630,3503	4,3953
26650,3639	4,3960
26670,3776	4,3963
26690,3914	4,3969
26710,4051	4,3972
26730,4188	4,3978
26750,4325	4,3981
26770,4463	4,3987
26790,4600	4,3990
26810,4738	4,3997
26815,9803	4,4003
