t/s	U/V
0,0000	4,1826
0,1560	4,1774
1,2325	4,1721
3,2915	4,1669
5,4599	4,1616
7,7997	4,1564
10,2641	4,1511
12,8073	4,1459
15,4276	4,1406
18,2202	4,1351
21,0904	4,1298
24,0388	4,1246
26,8937	4,1193
29,9822	4,1141
32,8995	4,1088
36,0347	4,1036
39,1236	4,0983
42,3995	4,0931
45,7376	4,0878
48,9515	4,0825
52,3207	4,0773
55,7526	4,0720
59,1532	4,0668
62,6319	4,0615
66,0481	4,0563
69,7453	4,0510
73,3331	4,0458
76,9990	4,0405
80,6961	4,0353
84,4400	4,0300
88,2306	4,0248
91,9431	4,0195
95,7811	4,0143
99,8053	4,0090
103,6892	4,0038
107,6050	3,9985
111,4894	3,9933
115,5609	3,9880
119,6478	3,9828
123,6256	3,9775
127,7604	3,9723
131,9870	3,9670
136,2612	3,9618
140,3795	3,9565
144,7941	3,9513
149,0685	3,9460
153,5297	3,9407
157,8039	3,9355
162,2969	3,9302
166,6957	3,9250
171,1883	3,9197
175,7902	3,9145
180,2828	3,9092
184,8223	3,9040
189,3462	3,8987
193,9481	3,8935
198,6122	3,8882
203,4325	3,8830
208,1434	3,8777
213,0731	3,8725
217,8307	3,8672
222,7447	3,8620
227,6429	3,8567
232,5878	3,8515
237,6422	3,8462
242,6962	3,8410
247,8608	3,8357
252,9466	3,8305
258,1720	3,8252
263,1481	3,8200
268,4365	3,8147
273,8181	3,8095
279,1532	3,8042
284,8626	3,7989
290,1196	3,7937
295,5171	3,7884
301,0237	3,7832
307,0293	3,7779
312,5827	3,7727
318,6509	3,7674
324,3916	3,7622
330,3507	3,7569
336,2937	3,7517
342,5650	3,7464
348,8204	3,7412
355,1068	3,7359
361,5026	3,7307
368,0856	3,7254
374,7778	3,7202
381,6729	3,7149
388,7548	3,7097
395,5874	3,7044
402,8570	3,6992
410,3757	3,6939
417,9570	3,6887
425,7255	3,6834
433,4942	3,6782
441,5436	3,6729
450,1699	3,6677
458,4845	3,6624
467,6725	3,6571
476,4861	3,6519
486,2358	3,6466
496,0947	3,6414
505,7039	3,6361
517,5128	3,6309
528,6508	3,6256
540,1632	3,6204
551,6132	3,6151
564,4047	3,6099
576,7751	3,6046
590,6585	3,5994
604,1210	3,5941
618,5035	3,5889
633,2138	3,5836
648,7196	3,5784
664,2723	3,5731
680,1371	3,5679
696,7037	3,5626
713,0049	3,5574
731,5375	3,5521
749,4454	3,5469
768,3831	3,5416
787,2117	3,5364
806,7420	3,5311
826,5067	3,5259
846,5207	3,5212
866,2384	3,5160
886,2524	3,5116
906,2667	3,5067
926,2807	3,5024
946,2948	3,4980
966,3089	3,4940
986,3228	3,4897
1006,3368	3,4860
1026,3512	3,4820
1046,3654	3,4783
1066,3792	3,4746
1086,3935	3,4712
1106,4086	3,4681
1126,4227	3,4650
1146,4368	3,4619
1166,4507	3,4585
1186,4650	3,4557
1206,4789	3,4526
1226,4931	3,4502
1246,5071	3,4474
1266,5213	3,4449
1286,5354	3,4424
1306,5495	3,4397
1326,5636	3,4375
1346,5778	3,4353
1366,5918	3,4332
1386,6059	3,4310
1406,6198	3,4288
1426,6339	3,4273
1446,6481	3,4251
1466,6625	3,4236
1486,6764	3,4217
1506,6904	3,4199
1526,7044	3,4187
1546,7186	3,4171
1566,7326	3,4156
1586,7467	3,4143
1606,7609	3,4128
1626,7749	3,4112
1646,7889	3,4100
1666,8030	3,4088
1686,8172	3,4075
1706,8313	3,4063
1726,8455	3,4054
1746,8596	3,4041
1766,8735	3,4032
1786,8877	3,4023
1806,9017	3,4014
1826,9158	3,4007
1846,9300	3,3992
1866,9441	3,3986
1886,9582	3,3983
1906,9722	3,3973
1926,9862	3,3964
1947,0004	3,3958
1967,0155	3,3949
1987,0296	3,3942
2007,0436	3,3936
2027,0580	3,3933
2047,0719	3,3927
2067,0859	3,3924
2087,1000	3,3918
2107,1139	3,3912
2127,1282	3,3905
2147,1424	3,3902
2167,1563	3,3893
2187,1702	3,3890
2207,1844	3,3887
2227,1987	3,3884
2247,2128	3,3881
2267,2268	3,3878
2287,2409	3,3868
2307,2550	3,3868
2327,2691	3,3868
2347,2832	3,3865
2367,2972	3,3859
2387,3114	3,3859
2407,3255	3,3856
2427,3396	3,3853
2447,3538	3,3850
2467,3678	3,3850
2487,3819	3,3844
2507,3960	3,3844
2527,4099	3,3841
2547,4242	3,3841
2567,4382	3,3837
2587,4525	3,3837
2607,4664	3,3834
2627,4806	3,3834
2647,4946	3,3831
2667,5086	3,3828
2687,5228	3,3828
2707,5370	3,3825
2727,5512	3,3825
2747,5652	3,3825
2767,5795	3,3822
2787,5933	3,3822
2807,6074	3,3819
2827,6224	3,3816
2847,6364	3,3816
2867,6507	3,3816
2887,6648	3,3816
2907,6788	3,3813
2927,6930	3,3816
2947,7069	3,3813
2967,7210	3,3810
2987,7351	3,3810
3007,7492	3,3810
3027,7635	3,3810
3047,7775	3,3807
3067,7916	3,3810
3087,8056	3,3807
3107,8197	3,3807
3127,8337	3,3807
3147,8481	3,3807
3167,8621	3,3807
3187,8761	3,3803
3207,8901	3,3803
3227,9043	3,3800
3247,9183	3,3800
3267,9325	3,3797
3287,9466	3,3800
3307,9607	3,3800
3327,9749	3,3797
3347,9888	3,3800
3368,0030	3,3797
3388,0170	3,3797
3408,0310	3,3794
3428,0452	3,3794
3448,0592	3,3794
3468,0735	3,3797
3488,0876	3,3794
3508,1015	3,3794
3528,1157	3,3794
3548,1296	3,3791
3568,1438	3,3791
3588,1580	3,3791
3608,1723	3,3791
3628,1860	3,3791
3648,2002	3,3791
3668,2143	3,3791
3688,2294	3,3791
3708,2436	3,3791
3728,2575	3,3791
3748,2718	3,3788
3768,2857	3,3791
3788,3001	3,3788
3808,3140	3,3791
3828,3281	3,3788
3848,3422	3,3791
3868,3563	3,3791
3888,3705	3,3791
3908,3844	3,3788
3928,3985	3,3788
3948,4126	3,3788
3968,4266	3,3788
3988,4404	3,3788
4008,4550	3,3785
4028,4691	3,3788
4048,4831	3,3785
4068,4975	3,3785
4088,5112	3,3785
4108,5252	3,3785
4128,5395	3,3788
4148,5535	3,3788
4168,5677	3,3782
4188,5743	3,3782
4208,5833	3,3785
4228,5859	3,3782
4248,5890	3,3782
4268,5893	3,3785
4288,5990	3,3785
4308,6004	3,3782
4328,6089	3,3782
4348,6141	3,3782
4368,6251	3,3782
4388,6388	3,3779
4408,6530	3,3779
4428,6670	3,3782
4448,6810	3,3782
4468,6952	3,3782
4488,7094	3,3782
4508,7236	3,3779
4528,7382	3,3782
4548,7526	3,3782
4568,7667	3,3779
4588,7809	3,3779
4608,7950	3,3779
4628,8089	3,3779
4648,8231	3,3782
4668,8372	3,3782
4688,8512	3,3779
4708,8653	3,3779
4728,8795	3,3776
4748,8935	3,3779
4768,9075	3,3776
4788,9219	3,3779
4808,9358	3,3776
4828,9498	3,3776
4848,9638	3,3779
4868,9780	3,3779
4888,9922	3,3776
4909,0063	3,3776
4929,0205	3,3779
4949,0345	3,3776
4969,0485	3,3776
4989,0627	3,3779
5009,0768	3,3779
5029,0907	3,3776
5049,1049	3,3776
5069,1190	3,3776
5089,1333	3,3776
5109,1471	3,3776
5129,1613	3,3773
5149,1753	3,3776
5169,1894	3,3773
5189,2036	3,3776
5209,2174	3,3773
5229,2319	3,3776
5249,2458	3,3776
5269,2600	3,3776
5289,2740	3,3776
5309,2881	3,3773
5329,3022	3,3776
5349,3162	3,3776
5369,3307	3,3776
5389,3455	3,3776
5409,3595	3,3776
5429,3736	3,3776
5449,3877	3,3773
5469,4019	3,3776
5489,4159	3,3776
5509,4302	3,3776
5529,4440	3,3776
5549,4581	3,3776
5569,4722	3,3776
5589,4864	3,3769
5609,5004	3,3773
5629,5145	3,3773
5649,5287	3,3773
5669,5431	3,3769
5689,5568	3,3773
5709,5709	3,3773
5729,5848	3,3773
5749,5991	3,3773
5769,6132	3,3769
5789,6274	3,3769
5809,6413	3,3773
5829,6554	3,3766
5849,6698	3,3769
5869,6837	3,3769
5889,6978	3,3769
5909,7118	3,3773
5929,7263	3,3773
5949,7401	3,3773
5969,7541	3,3769
5989,7682	3,3769
6009,7823	3,3773
6029,7965	3,3769
6049,8105	3,3769
6069,8247	3,3769
6089,8386	3,3769
6109,8528	3,3769
6129,8668	3,3769
6149,8808	3,3766
6169,8950	3,3773
6189,9090	3,3766
6209,9233	3,3769
6229,9373	3,3769
6249,9524	3,3769
6269,9666	3,3769
6289,9805	3,3769
6309,9948	3,3766
6330,0087	3,3766
6350,0230	3,3769
6370,0370	3,3766
6390,0510	3,3766
6410,0651	3,3766
6430,0792	3,3766
6450,0934	3,3769
6470,1073	3,3766
6490,1216	3,3766
6510,1355	3,3766
6530,1496	3,3766
6550,1637	3,3766
6570,1779	3,3766
6590,1920	3,3766
6610,2063	3,3769
6630,2203	3,3766
6650,2342	3,3766
6670,2484	3,3766
6690,2624	3,3766
6710,2765	3,3766
6730,2906	3,3766
6750,3048	3,3766
6770,3190	3,3766
6790,3329	3,3763
6810,3470	3,3763
6830,3611	3,3763
6850,3751	3,3766
6870,3893	3,3763
6890,4034	3,3763
6910,4176	3,3766
6930,4315	3,3766
6950,4456	3,3766
6970,4601	3,3763
6990,4737	3,3763
7010,4879	3,3763
7030,5020	3,3766
7050,5163	3,3766
7070,5301	3,3766
7090,5442	3,3766
7110,5594	3,3766
7130,5735	3,3766
7150,5875	3,3766
7170,6018	3,3763
7190,6159	3,3766
7210,6298	3,3763
7230,6441	3,3763
7250,6581	3,3763
7270,6722	3,3763
7290,6864	3,3760
7310,7003	3,3763
7330,7146	3,3763
7350,7286	3,3763
7370,7425	3,3763
7390,7566	3,3763
7410,7708	3,3760
7430,7849	3,3763
7450,7990	3,3763
7470,8132	3,3760
7490,8272	3,3763
7510,8411	3,3763
7530,8554	3,3763
7550,8693	3,3763
7570,8833	3,3763
7590,8976	3,3763
7610,9118	3,3760
7630,9259	3,3763
7650,9399	3,3760
7670,9540	3,3760
7690,9680	3,3760
7710,9821	3,3760
7730,9962	3,3760
7751,0104	3,3760
7771,0245	3,3760
7791,0385	3,3760
7811,0526	3,3760
7831,0666	3,3760
7851,0807	3,3760
7871,0949	3,3763
7891,1092	3,3760
7911,1231	3,3760
7931,1371	3,3760
7951,1523	3,3760
7971,1663	3,3760
7991,1805	3,3760
8011,1947	3,3760
8031,2088	3,3763
8051,2227	3,3760
8071,2368	3,3763
8091,2508	3,3760
8111,2649	3,3760
8131,2792	3,3760
8151,2931	3,3760
8171,3074	3,3757
8191,3214	3,3760
8211,3354	3,3760
8231,3495	3,3760
8251,3636	3,3760
8271,3775	3,3757
8291,3919	3,3757
8311,4061	3,3757
8331,4199	3,3757
8351,4340	3,3760
8371,4483	3,3757
8391,4622	3,3757
8411,4763	3,3757
8431,4905	3,3757
8451,5047	3,3757
8471,5186	3,3757
8491,5327	3,3757
8511,5469	3,3757
8531,5609	3,3757
8551,5750	3,3757
8571,5891	3,3757
8591,6033	3,3757
8611,6174	3,3754
8631,6315	3,3754
8651,6455	3,3757
8671,6596	3,3754
8691,6733	3,3757
8711,6878	3,3754
8731,7020	3,3754
8751,7213	3,3754
8771,7300	3,3757
8791,7440	3,3757
8811,7591	3,3757
8831,7734	3,3754
8851,7874	3,3757
8871,8017	3,3754
8891,8153	3,3754
8911,8297	3,3754
8931,8438	3,3757
8951,8578	3,3751
8971,8720	3,3754
8991,8860	3,3754
9011,9002	3,3754
9031,9143	3,3754
9051,9284	3,3751
9071,9425	3,3757
9091,9563	3,3751
9111,9705	3,3754
9131,9846	3,3754
9151,9990	3,3754
9172,0130	3,3754
9192,0269	3,3754
9212,0410	3,3754
9232,0552	3,3754
9252,0693	3,3754
9272,0833	3,3754
9292,0976	3,3754
9312,1115	3,3751
9332,1256	3,3754
9352,1397	3,3754
9372,1539	3,3754
9392,1677	3,3754
9412,1821	3,3754
9432,1960	3,3754
9452,2101	3,3754
9472,2244	3,3751
9492,2383	3,3754
9512,2525	3,3754
9532,2666	3,3754
9552,2807	3,3754
9572,2949	3,3751
9592,3088	3,3751
9612,3228	3,3754
9632,3369	3,3751
9652,3523	3,3751
9672,3661	3,3751
9692,3803	3,3751
9712,3943	3,3751
9732,4085	3,3754
9752,4226	3,3751
9772,4367	3,3751
9792,4509	3,3751
9812,4647	3,3751
9832,4790	3,3751
9852,4935	3,3751
9872,5070	3,3751
9892,5213	3,3751
9912,5353	3,3754
9932,5496	3,3748
9952,5634	3,3751
9972,5775	3,3748
9992,5917	3,3751
10012,6058	3,3748
10032,6199	3,3748
10052,6338	3,3748
10072,6482	3,3748
10092,6621	3,3751
10112,6761	3,3748
10132,6903	3,3748
10152,7043	3,3748
10172,7185	3,3751
10192,7325	3,3751
10212,7466	3,3748
10232,7608	3,3748
10252,7749	3,3748
10272,7889	3,3751
10292,8031	3,3748
10312,8172	3,3748
10332,8313	3,3745
10352,8453	3,3745
10372,8594	3,3748
10392,8735	3,3751
10412,8875	3,3748
10432,9018	3,3745
10452,9157	3,3745
10472,9299	3,3745
10492,9439	3,3742
10512,9590	3,3748
10532,9731	3,3745
10552,9873	3,3745
10573,0015	3,3745
10593,0155	3,3751
10613,0295	3,3745
10633,0436	3,3745
10653,0577	3,3745
10673,0718	3,3748
10693,0858	3,3745
10713,1001	3,3745
10733,1141	3,3748
10753,1281	3,3745
10773,1423	3,3745
10793,1563	3,3745
10813,1705	3,3745
10833,1846	3,3745
10853,1988	3,3745
10873,2128	3,3745
10893,2267	3,3745
10913,2409	3,3748
10933,2549	3,3742
10953,2691	3,3742
10973,2833	3,3745
10993,2974	3,3742
11013,3113	3,3745
11033,3255	3,3745
11053,3395	3,3745
11073,3537	3,3745
11093,3677	3,3745
11113,3819	3,3745
11133,3961	3,3742
11153,4104	3,3742
11173,4240	3,3745
11193,4381	3,3742
11213,4524	3,3745
11233,4664	3,3742
11253,4803	3,3742
11273,4947	3,3742
11293,5086	3,3742
11313,5227	3,3742
11333,5372	3,3745
11353,5509	3,3742
11373,5661	3,3742
11393,5801	3,3742
11413,5944	3,3742
11433,6082	3,3742
11453,6223	3,3745
11473,6364	3,3742
11493,6505	3,3742
11513,6646	3,3742
11533,6788	3,3742
11553,6930	3,3742
11573,7070	3,3745
11593,7211	3,3742
11613,7352	3,3742
11633,7493	3,3742
11653,7633	3,3742
11673,7773	3,3742
11693,7916	3,3739
11713,8056	3,3742
11733,8196	3,3742
11753,8338	3,3742
11773,8477	3,3742
11793,8620	3,3742
11813,8761	3,3742
11833,8903	3,3742
11853,9043	3,3742
11873,9183	3,3742
11893,9324	3,3742
11913,9466	3,3739
11933,9606	3,3742
11953,9746	3,3739
11973,9891	3,3742
11994,0026	3,3739
12014,0170	3,3739
12034,0310	3,3742
12054,0452	3,3739
12074,0593	3,3742
12094,0733	3,3739
12114,0875	3,3739
12134,1015	3,3739
12154,1155	3,3739
12174,1296	3,3739
12194,1437	3,3742
12214,1577	3,3739
12234,1730	3,3739
12254,1871	3,3739
12274,2011	3,3739
12294,2154	3,3739
12314,2292	3,3739
12334,2434	3,3742
12354,2575	3,3742
12374,2717	3,3742
12394,2859	3,3739
12414,2998	3,3739
12434,3139	3,3739
12454,3283	3,3742
12474,3419	3,3742
12494,3562	3,3735
12514,3702	3,3739
12534,3846	3,3739
12554,3984	3,3735
12574,4126	3,3739
12594,4267	3,3739
12614,4407	3,3739
12634,4549	3,3739
12654,4689	3,3735
12674,4835	3,3739
12694,4970	3,3739
12714,5112	3,3735
12734,5254	3,3735
12754,5392	3,3735
12774,5535	3,3739
12794,5675	3,3735
12814,5818	3,3732
12834,5960	3,3735
12854,6098	3,3735
12874,6239	3,3735
12894,6379	3,3735
12914,6520	3,3735
12934,6663	3,3735
12954,6805	3,3735
12974,6944	3,3735
12994,7085	3,3735
13014,7225	3,3735
13034,7366	3,3735
13054,7507	3,3735
13074,7658	3,3735
13094,7801	3,3735
13114,7941	3,3735
13134,8082	3,3735
13154,8222	3,3735
13174,8363	3,3735
13194,8503	3,3732
13214,8646	3,3735
13234,8787	3,3735
13254,8927	3,3732
13274,9070	3,3732
13294,9207	3,3732
13314,9348	3,3735
13334,9490	3,3735
13354,9632	3,3732
13374,9774	3,3732
13394,9913	3,3732
13415,0055	3,3732
13435,0195	3,3732
13455,0335	3,3732
13475,0477	3,3732
13495,0617	3,3732
13515,0759	3,3732
13535,0900	3,3729
13555,1040	3,3732
13575,1181	3,3732
13595,1322	3,3732
13615,1461	3,3729
13635,1604	3,3732
13655,1747	3,3732
13675,1885	3,3732
13695,2027	3,3732
13715,2168	3,3732
13735,2308	3,3729
13755,2452	3,3732
13775,2590	3,3732
13795,2734	3,3729
13815,2873	3,3729
13835,3014	3,3729
13855,3155	3,3729
13875,3295	3,3729
13895,3436	3,3729
13915,3577	3,3732
13935,3730	3,3729
13955,3869	3,3726
13975,4009	3,3729
13995,4151	3,3729
14015,4291	3,3726
14035,4433	3,3729
14055,4572	3,3729
14075,4716	3,3729
14095,4855	3,3729
14115,4996	3,3732
14135,5138	3,3729
14155,5278	3,3729
14175,5418	3,3732
14195,5559	3,3729
14215,5700	3,3726
14235,5842	3,3729
14255,5982	3,3732
14275,6123	3,3726
14295,6264	3,3729
14315,6406	3,3729
14335,6546	3,3726
14355,6688	3,3726
14375,6829	3,3729
14395,6968	3,3726
14415,7110	3,3729
14435,7250	3,3726
14455,7391	3,3729
14475,7533	3,3726
14495,7676	3,3726
14515,7815	3,3726
14535,7955	3,3729
14555,8097	3,3726
14575,8237	3,3726
14595,8378	3,3726
14615,8518	3,3726
14635,8662	3,3726
14655,8799	3,3729
14675,8947	3,3726
14695,9083	3,3726
14715,9223	3,3726
14735,9365	3,3726
14755,9506	3,3726
14775,9647	3,3726
14795,9799	3,3726
14815,9938	3,3726
14836,0079	3,3726
14856,0221	3,3726
14876,0360	3,3726
14896,0503	3,3726
14916,0643	3,3726
14936,0785	3,3726
14956,0924	3,3726
14976,1066	3,3726
14996,1206	3,3726
15016,1347	3,3723
15036,1489	3,3723
15056,1629	3,3726
15076,1772	3,3726
15096,1912	3,3723
15116,2053	3,3723
15136,2207	3,3723
15156,2335	3,3723
15176,2475	3,3723
15196,2616	3,3723
15216,2759	3,3723
15236,2897	3,3723
15256,3038	3,3723
15276,3179	3,3726
15296,3320	3,3720
15316,3461	3,3720
15336,3602	3,3723
15356,3745	3,3720
15376,3885	3,3723
15396,4025	3,3723
15416,4167	3,3720
15436,4303	3,3726
15456,4449	3,3723
15476,4589	3,3720
15496,4730	3,3723
15516,4873	3,3723
15536,5011	3,3720
15556,5153	3,3720
15576,5293	3,3720
15596,5434	3,3723
15616,5575	3,3723
15636,5728	3,3723
15656,5867	3,3720
15676,6009	3,3717
15696,6148	3,3723
15716,6290	3,3723
15736,6431	3,3720
15756,6572	3,3723
15776,6715	3,3720
15796,6853	3,3720
15816,6994	3,3720
15836,7135	3,3723
15856,7276	3,3720
15876,7419	3,3720
15896,7558	3,3720
15916,7701	3,3720
15936,7841	3,3720
15956,7980	3,3720
15976,8122	3,3720
15996,8263	3,3717
16016,8403	3,3720
16036,8543	3,3720
16056,8689	3,3717
16076,8826	3,3717
16096,8967	3,3720
16116,9109	3,3717
16136,9249	3,3720
16156,9390	3,3717
16176,9531	3,3717
16196,9672	3,3714
16216,9814	3,3720
16236,9955	3,3720
16257,0094	3,3720
16277,0237	3,3720
16297,0377	3,3714
16317,0517	3,3717
16337,0659	3,3717
16357,0800	3,3717
16377,0940	3,3720
16397,1082	3,3717
16417,1224	3,3717
16437,1365	3,3720
16457,1511	3,3717
16477,1646	3,3717
16497,1796	3,3717
16517,1936	3,3717
16537,2078	3,3717
16557,2220	3,3720
16577,2360	3,3717
16597,2502	3,3717
16617,2642	3,3717
16637,2781	3,3714
16657,2923	3,3714
16677,3064	3,3714
16697,3205	3,3717
16717,3350	3,3714
16737,3486	3,3714
16757,3628	3,3717
16777,3769	3,3717
16797,3909	3,3717
16817,4051	3,3717
16837,4192	3,3717
16857,4335	3,3711
16877,4473	3,3714
16897,4615	3,3714
16917,4754	3,3717
16937,4895	3,3714
16957,5037	3,3717
16977,5178	3,3714
16997,5319	3,3717
17017,5461	3,3714
17037,5601	3,3717
17057,5741	3,3714
17077,5882	3,3714
17097,6023	3,3717
17117,6165	3,3714
17137,6307	3,3714
17157,6446	3,3717
17177,6588	3,3714
17197,6728	3,3711
17217,6869	3,3717
17237,7010	3,3714
17257,7150	3,3711
17277,7291	3,3711
17297,7433	3,3714
17317,7573	3,3711
17337,7715	3,3714
17357,7866	3,3714
17377,8006	3,3711
17397,8149	3,3714
17417,8291	3,3714
17437,8431	3,3711
17457,8570	3,3711
17477,8711	3,3714
17497,8851	3,3711
17517,8994	3,3711
17537,9134	3,3711
17557,9277	3,3714
17577,9416	3,3708
17597,9556	3,3711
17617,9699	3,3711
17637,9839	3,3708
17657,9978	3,3711
17678,0120	3,3711
17698,0264	3,3711
17718,0402	3,3708
17738,0546	3,3711
17758,0684	3,3711
17778,0825	3,3711
17798,0973	3,3711
17818,1107	3,3708
17838,1250	3,3711
17858,1390	3,3708
17878,1531	3,3711
17898,1671	3,3708
17918,1810	3,3711
17938,1953	3,3708
17958,2094	3,3708
17978,2237	3,3708
17998,2376	3,3708
18018,2517	3,3708
18038,2657	3,3711
18058,2801	3,3708
18078,2940	3,3708
18098,3079	3,3708
18118,3222	3,3708
18138,3362	3,3708
18158,3502	3,3708
18178,3643	3,3708
18198,3794	3,3705
18218,3935	3,3711
18238,4077	3,3708
18258,4218	3,3708
18278,4358	3,3705
18298,4499	3,3708
18318,4640	3,3705
18338,4782	3,3705
18358,4922	3,3705
18378,5064	3,3705
18398,5203	3,3708
18418,5343	3,3708
18438,5485	3,3705
18458,5627	3,3705
18478,5769	3,3705
18498,5908	3,3705
18518,6050	3,3708
18538,6190	3,3705
18558,6330	3,3705
18578,6470	3,3705
18598,6612	3,3701
18618,6756	3,3701
18638,6894	3,3701
18658,7036	3,3705
18678,7177	3,3701
18698,7318	3,3701
18718,7458	3,3701
18738,7602	3,3705
18758,7742	3,3701
18778,7880	3,3701
18798,8022	3,3701
18818,8162	3,3698
18838,8303	3,3698
18858,8446	3,3705
18878,8585	3,3701
18898,8728	3,3705
18918,8868	3,3698
18938,9008	3,3701
18958,9149	3,3698
18978,9290	3,3701
18998,9432	3,3701
19018,9571	3,3701
19038,9717	3,3701
19058,9863	3,3698
19079,0004	3,3698
19099,0146	3,3698
19119,0286	3,3698
19139,0427	3,3698
19159,0568	3,3701
19179,0711	3,3698
19199,0850	3,3701
19219,0991	3,3705
19239,1132	3,3705
19259,1272	3,3698
19279,1415	3,3698
19299,1555	3,3698
19319,1698	3,3698
19339,1837	3,3698
19359,1979	3,3698
19379,2118	3,3701
19399,2259	3,3698
19419,2402	3,3695
19439,2541	3,3695
19459,2684	3,3695
19479,2823	3,3698
19499,2963	3,3698
19519,3105	3,3698
19539,3245	3,3695
19559,3387	3,3695
19579,3529	3,3695
19599,3670	3,3695
19619,3809	3,3695
19639,3951	3,3698
19659,4091	3,3695
19679,4233	3,3695
19699,4373	3,3695
19719,4515	3,3695
19739,4657	3,3692
19759,4796	3,3692
19779,4937	3,3695
19799,5077	3,3692
19819,5219	3,3692
19839,5360	3,3692
19859,5500	3,3692
19879,5640	3,3692
19899,5783	3,3692
19919,5934	3,3692
19939,6074	3,3695
19959,6216	3,3692
19979,6356	3,3692
19999,6498	3,3692
20019,6638	3,3692
20039,6780	3,3692
20059,6920	3,3692
20079,7062	3,3692
20099,7202	3,3695
20119,7343	3,3692
20139,7483	3,3692
20159,7624	3,3692
20179,7767	3,3689
20199,7907	3,3692
20219,8047	3,3692
20239,8188	3,3692
20259,8328	3,3692
20279,8469	3,3692
20299,8611	3,3692
20319,8753	3,3692
20339,8896	3,3692
20359,9034	3,3689
20379,9176	3,3689
20399,9315	3,3692
20419,9456	3,3689
20439,9597	3,3689
20459,9740	3,3689
20479,9880	3,3689
20500,0020	3,3689
20520,0161	3,3689
20540,0301	3,3686
20560,0443	3,3689
20580,0583	3,3692
20600,0726	3,3686
20620,0866	3,3689
20640,1007	3,3689
20660,1148	3,3689
20680,1288	3,3689
20700,1428	3,3689
20720,1572	3,3689
20740,1713	3,3686
20760,1853	3,3686
20780,2003	3,3686
20800,2145	3,3683
20820,2284	3,3686
20840,2427	3,3686
20860,2566	3,3683
20880,2710	3,3686
20900,2849	3,3683
20920,2990	3,3683
20940,3131	3,3683
20960,3272	3,3686
20980,3412	3,3683
21000,3553	3,3683
21020,3695	3,3683
21040,3835	3,3683
21060,3977	3,3683
21080,4116	3,3683
21100,4256	3,3686
21120,4398	3,3683
21140,4541	3,3686
21160,4682	3,3683
21180,4821	3,3680
21200,4963	3,3683
21220,5102	3,3680
21240,5244	3,3686
21260,5386	3,3680
21280,5526	3,3683
21300,5669	3,3683
21320,5809	3,3683
21340,5950	3,3683
21360,6090	3,3683
21380,6229	3,3680
21400,6372	3,3680
21420,6512	3,3680
21440,6657	3,3686
21460,6796	3,3677
21480,6935	3,3683
21500,7077	3,3680
21520,7217	3,3680
21540,7356	3,3680
21560,7500	3,3677
21580,7642	3,3683
21600,7781	3,3680
21620,7933	3,3677
21640,8071	3,3680
21660,8213	3,3677
21680,8355	3,3677
21700,8496	3,3680
21720,8637	3,3677
21740,8778	3,3680
21760,8918	3,3680
21780,9059	3,3680
21800,9200	3,3677
21820,9342	3,3677
21840,9482	3,3680
21860,9624	3,3677
21880,9763	3,3680
21900,9906	3,3674
21921,0048	3,3677
21941,0186	3,3674
21961,0327	3,3677
21981,0468	3,3674
22001,0611	3,3677
22021,0750	3,3674
22041,0892	3,3674
22061,1032	3,3677
22081,1173	3,3674
22101,1316	3,3674
22121,1453	3,3674
22141,1597	3,3674
22161,1739	3,3674
22181,1874	3,3674
22201,2019	3,3674
22221,2160	3,3671
22241,2300	3,3674
22261,2441	3,3671
22281,2583	3,3674
22301,2724	3,3671
22321,2865	3,3674
22341,3005	3,3671
22361,3145	3,3674
22381,3288	3,3674
22401,3427	3,3671
22421,3568	3,3671
22441,3713	3,3671
22461,3850	3,3671
22481,4002	3,3671
22501,4142	3,3667
22521,4282	3,3671
22541,4424	3,3667
22561,4565	3,3667
22581,4708	3,3674
22601,4846	3,3667
22621,4988	3,3671
22641,5129	3,3671
22661,5270	3,3671
22681,5410	3,3671
22701,5551	3,3667
22721,5694	3,3667
22741,5833	3,3667
22761,5974	3,3667
22781,6115	3,3664
22801,6256	3,3667
22821,6398	3,3664
22841,6538	3,3667
22861,6679	3,3667
22881,6821	3,3664
22901,6960	3,3667
22921,7102	3,3667
22941,7243	3,3667
22961,7383	3,3664
22981,7526	3,3667
23001,7667	3,3667
23021,7807	3,3664
23041,7948	3,3667
23061,8088	3,3661
23081,8228	3,3664
23101,8370	3,3664
23121,8511	3,3664
23141,8654	3,3664
23161,8793	3,3664
23181,8934	3,3664
23201,9076	3,3664
23221,9215	3,3664
23241,9356	3,3664
23261,9497	3,3661
23281,9640	3,3658
23301,9780	3,3661
23321,9930	3,3661
23342,0071	3,3664
23362,0211	3,3661
23382,0354	3,3661
23402,0493	3,3664
23422,0636	3,3661
23442,0777	3,3661
23462,0918	3,3658
23482,1057	3,3658
23502,1198	3,3658
23522,1340	3,3661
23542,1480	3,3658
23562,1622	3,3658
23582,1762	3,3658
23602,1902	3,3661
23622,2045	3,3658
23642,2186	3,3658
23662,2329	3,3658
23682,2467	3,3658
23702,2609	3,3655
23722,2748	3,3658
23742,2889	3,3658
23762,3030	3,3655
23782,3171	3,3658
23802,3315	3,3658
23822,3453	3,3652
23842,3594	3,3655
23862,3739	3,3658
23882,3877	3,3655
23902,4017	3,3655
23922,4157	3,3655
23942,4300	3,3655
23962,4440	3,3655
23982,4580	3,3652
24002,4722	3,3655
24022,4862	3,3655
24042,5004	3,3655
24062,5144	3,3652
24082,5286	3,3652
24102,5425	3,3652
24122,5569	3,3652
24142,5705	3,3652
24162,5716	3,3649
24182,5843	3,3649
24202,5984	3,3655
24222,6126	3,3649
24242,6268	3,3649
24262,6406	3,3652
24282,6548	3,3649
24302,6691	3,3652
24322,6831	3,3649
24342,6971	3,3649
24362,7113	3,3649
24382,7253	3,3649
24402,7394	3,3646
24422,7536	3,3649
24442,7679	3,3646
24462,7817	3,3646
24482,7957	3,3646
24502,8098	3,3649
24522,8239	3,3649
24542,8380	3,3646
24562,8523	3,3646
24582,8665	3,3646
24602,8803	3,3649
24622,8943	3,3646
24642,9085	3,3646
24662,9225	3,3646
24682,9367	3,3646
24702,9509	3,3646
24722,9651	3,3643
24742,9789	3,3643
24762,9931	3,3643
24783,0071	3,3643
24803,0214	3,3643
24823,0355	3,3643
24843,0495	3,3643
24863,0636	3,3643
24883,0776	3,3643
24903,0918	3,3643
24923,1058	3,3643
24943,1202	3,3643
24963,1341	3,3640
24983,1480	3,3643
25003,1622	3,3640
25023,1762	3,3640
25043,1913	3,3640
25063,2055	3,3640
25083,2197	3,3640
25103,2337	3,3640
25123,2477	3,3640
25143,2620	3,3640
25163,2759	3,3640
25183,2900	3,3640
25203,3040	3,3640
25223,3183	3,3637
25243,3323	3,3637
25263,3464	3,3634
25283,3607	3,3634
25303,3745	3,3637
25323,3886	3,3634
25343,4027	3,3634
25363,4170	3,3634
25383,4309	3,3637
25403,4450	3,3637
25423,4592	3,3630
25443,4732	3,3637
25463,4873	3,3634
25483,5015	3,3634
25503,5158	3,3634
25523,5295	3,3634
25543,5435	3,3634
25563,5577	3,3637
25583,5718	3,3634
25603,5860	3,3630
25623,6001	3,3634
25643,6143	3,3630
25663,6283	3,3634
25683,6423	3,3630
25703,6566	3,3630
25723,6705	3,3630
25743,6848	3,3627
25763,6987	3,3627
25783,7130	3,3630
25803,7268	3,3627
25823,7409	3,3630
25843,7551	3,3627
25863,7690	3,3627
25883,7832	3,3627
25903,7984	3,3627
25923,8126	3,3627
25943,8265	3,3627
25963,8406	3,3624
25983,8547	3,3624
26003,8691	3,3627
26023,8828	3,3624
26043,8969	3,3624
26063,9112	3,3624
26083,9251	3,3624
26103,9393	3,3624
26123,9532	3,3624
26143,9674	3,3621
26163,9816	3,3624
26183,9956	3,3621
26204,0099	3,3621
26224,0237	3,3621
26244,0379	3,3621
26264,0521	3,3618
26284,0661	3,3618
26304,0801	3,3618
26324,0943	3,3618
26344,1085	3,3618
26364,1225	3,3618
26384,1366	3,3618
26404,1506	3,3618
26424,1647	3,3618
26444,1788	3,3618
26464,1929	3,3618
26484,2069	3,3618
26504,2213	3,3618
26524,2351	3,3615
26544,2494	3,3618
26564,2633	3,3615
26584,2774	3,3615
26604,2916	3,3612
26624,3056	3,3615
26644,3198	3,3615
26664,3338	3,3612
26684,3479	3,3612
26704,3619	3,3612
26724,3760	3,3612
26744,3911	3,3612
26764,4052	3,3612
26784,4195	3,3612
26804,4334	3,3612
26824,4475	3,3612
26844,4615	3,3612
26864,4757	3,3612
26884,4899	3,3606
26904,5039	3,3609
26924,5181	3,3609
26944,5321	3,3609
26964,5462	3,3609
26984,5602	3,3609
27004,5743	3,3609
27024,5887	3,3606
27044,6027	3,3609
27064,6166	3,3603
27084,6308	3,3606
27104,6448	3,3603
27124,6590	3,3606
27144,6730	3,3606
27164,6871	3,3603
27184,7013	3,3600
27204,7155	3,3603
27224,7293	3,3606
27244,7440	3,3603
27264,7575	3,3600
27284,7716	3,3596
27304,7862	3,3600
27324,7998	3,3600
27344,8140	3,3596
27364,8281	3,3596
27384,8421	3,3600
27404,8563	3,3600
27424,8702	3,3596
27444,8843	3,3596
27464,8985	3,3593
27484,9125	3,3593
27504,9268	3,3596
27524,9410	3,3596
27544,9550	3,3593
27564,9689	3,3596
27584,9831	3,3593
27604,9981	3,3593
27625,0122	3,3593
27645,0262	3,3593
27665,0404	3,3593
27685,0547	3,3593
27705,0686	3,3593
27725,0827	3,3593
27745,0968	3,3590
27765,1112	3,3590
27785,1249	3,3593
27805,1390	3,3593
27825,1533	3,3593
27845,1672	3,3590
27865,1813	3,3590
27885,1955	3,3587
27905,2096	3,3590
27925,2237	3,3587
27945,2378	3,3584
27965,2520	3,3587
27985,2660	3,3587
28005,2800	3,3584
28025,2942	3,3584
28045,3080	3,3584
28065,3222	3,3584
28085,3365	3,3584
28105,3506	3,3584
28125,3645	3,3581
28145,3787	3,3584
28165,3927	3,3584
28185,4068	3,3581
28205,4208	3,3581
28225,4351	3,3584
28245,4491	3,3581
28265,4632	3,3578
28285,4773	3,3581
28305,4913	3,3578
28325,5054	3,3578
28345,5195	3,3581
28365,5338	3,3578
28385,5478	3,3578
28405,5618	3,3575
28425,5760	3,3578
28445,5900	3,3578
28465,6051	3,3575
28485,6192	3,3572
28505,6335	3,3575
28525,6474	3,3575
28545,6615	3,3575
28565,6756	3,3575
28585,6897	3,3572
28605,7035	3,3575
28625,7178	3,3572
28645,7321	3,3575
28665,7460	3,3572
28685,7601	3,3569
28705,7742	3,3569
28725,7883	3,3569
28745,8024	3,3572
28765,8166	3,3569
28785,8308	3,3569
28805,8447	3,3566
28825,8587	3,3569
28845,8727	3,3569
28865,8872	3,3566
28885,9010	3,3569
28905,9151	3,3566
28925,9293	3,3566
28945,9433	3,3562
28965,9574	3,3566
28985,9714	3,3562
29005,9856	3,3566
29025,9996	3,3566
29046,0137	3,3562
29066,0283	3,3559
29086,0418	3,3562
29106,0561	3,3559
29126,0702	3,3562
29146,0841	3,3559
29166,0983	3,3562
29186,1125	3,3559
29206,1267	3,3559
29226,1407	3,3556
29246,1546	3,3556
29266,1689	3,3556
29286,1829	3,3556
29306,1980	3,3556
29326,2121	3,3556
29346,2262	3,3553
29366,2402	3,3550
29386,2543	3,3553
29406,2684	3,3556
29426,2825	3,3553
29446,2966	3,3553
29466,3107	3,3550
29486,3250	3,3547
29506,3390	3,3553
29526,3529	3,3550
29546,3672	3,3550
29566,3811	3,3547
29586,3952	3,3547
29606,4093	3,3547
29626,4236	3,3547
29646,4376	3,3544
29666,4517	3,3544
29686,4658	3,3544
29706,4797	3,3544
29726,4939	3,3541
29746,5080	3,3541
29766,5221	3,3541
29786,5364	3,3541
29806,5502	3,3538
29826,5644	3,3541
29846,5785	3,3541
29866,5925	3,3538
29886,6066	3,3535
29906,6205	3,3538
29926,6350	3,3535
29946,6498	3,3535
29966,6630	3,3535
29986,6770	3,3532
30006,6912	3,3532
30026,7052	3,3535
30046,7193	3,3532
30066,7336	3,3532
30086,7476	3,3532
30106,7616	3,3532
30126,7757	3,3532
30146,7898	3,3532
30166,8050	3,3528
30186,8192	3,3528
30206,8333	3,3525
30226,8472	3,3525
30246,8613	3,3522
30266,8754	3,3525
30286,8896	3,3525
30306,9037	3,3525
30326,9177	3,3525
30346,9320	3,3522
30366,9462	3,3522
30386,9599	3,3522
30406,9741	3,3522
30426,9882	3,3522
30447,0021	3,3519
30467,0164	3,3519
30487,0308	3,3522
30507,0444	3,3519
30527,0586	3,3519
30547,0727	3,3516
30567,0867	3,3519
30587,1007	3,3516
30607,1151	3,3519
30627,1290	3,3516
30647,1432	3,3516
30667,1573	3,3516
30687,1713	3,3516
30707,1855	3,3516
30727,1995	3,3513
30747,2136	3,3513
30767,2278	3,3516
30787,2420	3,3513
30807,2558	3,3513
30827,2700	3,3510
30847,2841	3,3513
30867,2981	3,3513
30887,3123	3,3510
30907,3264	3,3513
30927,3406	3,3510
30947,3545	3,3510
30967,3686	3,3507
30987,3827	3,3510
31007,3967	3,3510
31027,4119	3,3507
31047,4260	3,3510
31067,4402	3,3504
31087,4542	3,3504
31107,4682	3,3507
31127,4824	3,3504
31147,4965	3,3507
31167,5105	3,3504
31187,5246	3,3507
31207,5386	3,3504
31227,5528	3,3504
31247,5670	3,3510
31267,5810	3,3504
31287,5950	3,3504
31307,6092	3,3507
31327,6233	3,3504
31347,6376	3,3501
31367,6513	3,3504
31387,6655	3,3504
31407,6797	3,3504
31427,6938	3,3501
31447,7078	3,3501
31467,7218	3,3501
31487,7363	3,3504
31507,7500	3,3501
31527,7643	3,3501
31547,7783	3,3501
31567,7925	3,3501
31587,8064	3,3498
31607,8206	3,3501
31627,8346	3,3498
31647,8487	3,3501
31667,8632	3,3498
31687,8769	3,3498
31707,8909	3,3498
31727,9052	3,3498
31747,9192	3,3498
31767,9335	3,3498
31787,9474	3,3498
31807,9615	3,3498
31827,9756	3,3494
31847,9897	3,3501
31868,0037	3,3498
31888,0189	3,3498
31908,0330	3,3498
31928,0470	3,3498
31948,0611	3,3494
31968,0753	3,3498
31988,0893	3,3494
32008,1035	3,3494
32028,1175	3,3494
32048,1318	3,3501
32068,1456	3,3498
32088,1598	3,3498
32108,1738	3,3498
32128,1879	3,3498
32148,2020	3,3498
32168,2161	3,3498
32188,2305	3,3498
32208,2444	3,3498
32228,2584	3,3498
32248,2725	3,3498
32268,2865	3,3498
32288,3007	3,3498
32308,3149	3,3498
32328,3291	3,3498
32348,3429	3,3498
32368,3571	3,3498
32388,3712	3,3498
32408,3852	3,3498
32428,3993	3,3494
32448,4135	3,3494
32468,4277	3,3494
32488,4416	3,3498
32508,4555	3,3498
32528,4699	3,3498
32548,4839	3,3498
32568,4981	3,3494
32588,5122	3,3494
32608,5263	3,3498
32628,5406	3,3494
32648,5543	3,3498
32668,5684	3,3494
32688,5825	3,3498
32708,5965	3,3498
32728,6119	3,3494
32748,6260	3,3498
32768,6399	3,3498
32788,6541	3,3498
32808,6682	3,3494
32828,6821	3,3498
32848,6963	3,3498
32868,7104	3,3498
32888,7247	3,3501
32908,7387	3,3498
32928,7526	3,3498
32948,7667	3,3498
32968,7812	3,3498
32988,7950	3,3498
33008,8091	3,3498
33028,8232	3,3498
33048,8373	3,3498
33068,8512	3,3498
33088,8654	3,3498
33108,8794	3,3498
33128,8935	3,3498
33148,9076	3,3498
33168,9219	3,3498
33188,9358	3,3498
33208,9499	3,3498
33228,9640	3,3498
33248,9781	3,3498
33268,9923	3,3498
33289,0064	3,3507
33309,0206	3,3504
33329,0342	3,3501
33349,0486	3,3501
33369,0627	3,3504
33389,0768	3,3501
33409,0908	3,3501
33429,1050	3,3504
33449,1190	3,3501
33469,1332	3,3498
33489,1473	3,3501
33509,1613	3,3498
33529,1754	3,3498
33549,1894	3,3498
33569,2035	3,3501
33589,2187	3,3498
33609,2330	3,3498
33629,2466	3,3498
33649,2610	3,3498
33669,2750	3,3498
33689,2891	3,3501
33709,3032	3,3498
33729,3173	3,3504
33749,3316	3,3501
33769,3457	3,3498
33789,3597	3,3498
33809,3735	3,3498
33829,3878	3,3501
33849,4019	3,3498
33869,4160	3,3504
33889,4302	3,3501
33909,4442	3,3501
33929,4583	3,3501
33949,4724	3,3501
33969,4864	3,3501
33989,5006	3,3498
34009,5146	3,3504
34029,5289	3,3501
34049,5429	3,3501
34069,5571	3,3501
34089,5710	3,3501
34109,5850	3,3501
34129,5992	3,3498
34149,6133	3,3501
34169,6275	3,3498
34189,6415	3,3501
34209,6555	3,3504
34229,6697	3,3498
34249,6839	3,3501
34269,6982	3,3498
34289,7119	3,3498
34309,7261	3,3501
34329,7400	3,3504
34349,7541	3,3498
34369,7683	3,3498
34389,7824	3,3498
34409,7965	3,3504
34429,8103	3,3501
34449,8258	3,3501
34469,8397	3,3501
34489,8535	3,3498
34509,8680	3,3501
34529,8821	3,3501
34549,8958	3,3504
34569,9103	3,3498
34589,9246	3,3498
34609,9380	3,3498
34629,9524	3,3501
34649,9666	3,3498
34669,9803	3,3498
34689,9947	3,3498
34710,0089	3,3501
34730,0227	3,3501
34750,0370	3,3501
34770,0512	3,3504
34790,0649	3,3501
34810,0793	3,3501
34830,0934	3,3501
34850,1071	3,3504
34870,1217	3,3501
34890,1358	3,3501
34910,1495	3,3498
34930,1639	3,3498
34950,1779	3,3498
34970,1917	3,3498
34990,2062	3,3494
35010,2203	3,3498
35030,2340	3,3501
35050,2484	3,3501
35070,2626	3,3498
35090,2762	3,3501
35110,2906	3,3501
35130,3048	3,3498
35150,3186	3,3498
35170,3330	3,3501
35190,3472	3,3501
35210,3608	3,3501
35230,3753	3,3501
35250,3891	3,3501
35270,4032	3,3498
35290,4187	3,3498
35310,4326	3,3501
35330,4464	3,3501
35350,4609	3,3501
35370,4749	3,3501
35390,4890	3,3498
35410,5030	3,3498
35430,5173	3,3498
35450,5312	3,3501
35470,5454	3,3498
35490,5595	3,3498
35510,5735	3,3498
35530,5875	3,3501
35550,6018	3,3498
35570,6161	3,3501
35590,6301	3,3498
35610,6443	3,3498
35630,6581	3,3501
35650,6722	3,3498
35670,6862	3,3498
35690,7003	3,3501
35710,7146	3,3498
35730,7285	3,3498
35750,7426	3,3498
35770,7567	3,3501
35790,7707	3,3498
35810,7850	3,3501
35830,7990	3,3498
35850,8130	3,3501
35870,8272	3,3498
35890,8414	3,3501
35910,8554	3,3501
35930,8694	3,3501
35950,8836	3,3498
35970,8977	3,3498
35990,9119	3,3501
36010,9258	3,3498
36030,9399	3,3498
36050,9540	3,3498
36070,9681	3,3501
36090,9823	3,3501
36110,9963	3,3498
36131,0104	3,3501
36151,0256	3,3501
36171,0396	3,3501
36191,0536	3,3501
36211,0678	3,3501
36231,0819	3,3498
36251,0959	3,3498
36271,1103	3,3498
36291,1243	3,3498
36311,1383	3,3501
36331,1523	3,3498
36351,1663	3,3498
36371,1805	3,3501
36391,1947	3,3498
36411,2089	3,3501
36431,2228	3,3501
36451,2369	3,3501
36471,2509	3,3498
36491,2651	3,3498
36511,2793	3,3498
36531,2932	3,3501
36551,3075	3,3498
36571,3215	3,3501
36591,3355	3,3498
36611,3497	3,3498
36631,3637	3,3498
36651,3777	3,3501
36671,3919	3,3498
36691,4061	3,3498
36711,4200	3,3501
36731,4342	3,3501
36751,4483	3,3498
36771,4623	3,3498
36791,4764	3,3501
36811,4906	3,3501
36831,5048	3,3501
36851,5188	3,3501
36871,5330	3,3501
36891,5468	3,3498
36911,5610	3,3498
36931,5751	3,3501
36951,5893	3,3498
36971,6034	3,3501
36991,6184	3,3498
37011,6323	3,3498
37031,6464	3,3501
37051,6606	3,3498
37071,6747	3,3501
37091,6887	3,3501
37111,7031	3,3501
37131,7170	3,3498
37151,7310	3,3501
37171,7452	3,3498
37191,7593	3,3498
37211,7733	3,3498
37231,7876	3,3498
37251,8017	3,3501
37271,8156	3,3501
37291,8297	3,3498
37311,8439	3,3498
37331,8578	3,3501
37351,8720	3,3498
37371,8862	3,3501
37391,9004	3,3501
37411,9144	3,3498
37431,9284	3,3498
37451,9425	3,3498
37471,9565	3,3501
37491,9706	3,3498
37511,9847	3,3498
37531,9989	3,3494
37552,0131	3,3498
37572,0269	3,3498
37592,0412	3,3498
37612,0552	3,3498
37632,0693	3,3494
37652,0835	3,3498
37672,0974	3,3494
37692,1117	3,3494
37712,1257	3,3494
37732,1398	3,3498
37752,1540	3,3494
37772,1679	3,3494
37792,1821	3,3498
37812,1962	3,3498
37832,2105	3,3498
37852,2254	3,3498
37872,2394	3,3494
37892,2536	3,3494
37912,2677	3,3494
37932,2818	3,3494
37952,2958	3,3498
37972,3100	3,3498
37992,3239	3,3494
38012,3381	3,3498
38032,3522	3,3498
38052,3662	3,3494
38072,3803	3,3494
38092,3945	3,3494
38112,4087	3,3494
38132,4226	3,3494
38152,4367	3,3494
38172,4509	3,3491
38192,4648	3,3494
38212,4790	3,3494
38232,4930	3,3494
38252,5074	3,3494
38272,5212	3,3494
38292,5354	3,3498
38312,5495	3,3494
38332,5635	3,3498
38352,5775	3,3494
38372,5918	3,3494
38392,6060	3,3494
38412,6199	3,3494
38432,6340	3,3494
38452,6480	3,3494
38472,6621	3,3491
38492,6764	3,3491
38512,6904	3,3494
38532,7046	3,3494
38552,7186	3,3494
38572,7326	3,3494
38592,7468	3,3494
38612,7609	3,3494
38632,7750	3,3494
38652,7890	3,3491
38672,8033	3,3494
38692,8173	3,3494
38712,8322	3,3494
38732,8464	3,3494
38752,8603	3,3494
38772,8745	3,3494
38792,8887	3,3494
38812,9029	3,3491
38832,9167	3,3494
38852,9310	3,3494
38872,9450	3,3491
38892,9591	3,3491
38912,9733	3,3491
38932,9873	3,3494
38953,0014	3,3491
38973,0155	3,3491
38993,0296	3,3494
39013,0435	3,3491
39033,0578	3,3491
39053,0720	3,3491
39073,0860	3,3491
39093,1003	3,3491
39113,1142	3,3494
39133,1282	3,3491
39153,1423	3,3494
39173,1563	3,3491
39193,1705	3,3491
39213,1846	3,3491
39233,1881	3,3494
39253,1965	3,3488
39273,1989	3,3491
39293,2066	3,3488
39313,2160	3,3491
39333,2212	3,3491
39353,2306	3,3494
39373,2342	3,3491
39393,2488	3,3491
39413,2630	3,3491
39433,2770	3,3491
39453,2910	3,3491
39473,3052	3,3491
39493,3191	3,3491
39513,3334	3,3491
39533,3475	3,3491
39553,3626	3,3488
39573,3767	3,3491
39593,3907	3,3488
39613,4048	3,3491
39633,4189	3,3491
39653,4330	3,3491
39673,4471	3,3488
39693,4609	3,3488
39713,4754	3,3491
39733,4895	3,3488
39753,5034	3,3488
39773,5175	3,3491
39793,5317	3,3488
39813,5457	3,3491
39833,5600	3,3488
39853,5740	3,3488
39873,5879	3,3488
39893,6021	3,3485
39913,6161	3,3488
39933,6304	3,3488
39953,6444	3,3488
39973,6587	3,3488
39993,6729	3,3488
40013,6866	3,3491
40033,7007	3,3485
40053,7148	3,3488
40073,7290	3,3488
40093,7431	3,3488
40113,7573	3,3491
40133,7712	3,3488
40153,7853	3,3488
40173,7994	3,3491
40193,8135	3,3488
40213,8276	3,3488
40233,8416	3,3488
40253,8559	3,3485
40273,8701	3,3485
40293,8839	3,3485
40313,8980	3,3485
40333,9121	3,3488
40353,9262	3,3485
40373,9404	3,3488
40393,9549	3,3485
40413,9696	3,3488
40433,9836	3,3488
40453,9976	3,3485
40474,0117	3,3482
40494,0258	3,3485
40514,0399	3,3485
40534,0543	3,3482
40554,0681	3,3485
40574,0823	3,3485
40594,0964	3,3485
40614,1103	3,3485
40634,1246	3,3488
40654,1387	3,3485
40674,1529	3,3485
40694,1665	3,3485
40714,1810	3,3485
40734,1951	3,3485
40754,2090	3,3485
40774,2231	3,3482
40794,2372	3,3482
40814,2516	3,3485
40834,2655	3,3482
40854,2796	3,3485
40874,2937	3,3485
40894,3078	3,3485
40914,3219	3,3482
40934,3359	3,3485
40954,3502	3,3485
40974,3640	3,3485
40994,3782	3,3485
41014,3923	3,3485
41034,4064	3,3485
41054,4204	3,3482
41074,4350	3,3479
41094,4487	3,3482
41114,4627	3,3482
41134,4769	3,3482
41154,4909	3,3482
41174,5050	3,3485
41194,5191	3,3482
41214,5332	3,3485
41234,5474	3,3482
41254,5615	3,3482
41274,5765	3,3479
41294,5909	3,3482
41314,6046	3,3482
41334,6190	3,3482
41354,6328	3,3479
41374,6471	3,3482
41394,6610	3,3479
41414,6751	3,3479
41434,6893	3,3482
41454,7033	3,3476
41474,7174	3,3482
41494,7315	3,3482
41514,7458	3,3479
41534,7596	3,3479
41554,7738	3,3479
41574,7880	3,3476
41594,8020	3,3482
41614,8160	3,3479
41634,8301	3,3479
41654,8443	3,3479
41674,8584	3,3479
41694,8724	3,3476
41714,8865	3,3482
41734,9006	3,3479
41754,9147	3,3479
41774,9288	3,3482
41794,9431	3,3482
41814,9569	3,3479
41834,9711	3,3482
41854,9852	3,3479
41874,9992	3,3482
41895,0134	3,3479
41915,0275	3,3479
41935,0417	3,3479
41955,0556	3,3476
41975,0698	3,3479
41995,0838	3,3476
42015,0980	3,3479
42035,1120	3,3479
42055,1261	3,3476
42075,1403	3,3476
42095,1542	3,3479
42115,1693	3,3479
42135,1833	3,3476
42155,1974	3,3479
42175,2116	3,3479
42195,2257	3,3476
42215,2400	3,3479
42235,2539	3,3479
42255,2681	3,3476
42275,2821	3,3476
42295,2961	3,3479
42315,3102	3,3479
42335,3245	3,3476
42355,3386	3,3479
42375,3526	3,3476
42395,3666	3,3476
42415,3810	3,3479
42435,3948	3,3476
42455,4089	3,3476
42475,4229	3,3476
42495,4372	3,3473
42515,4512	3,3473
42535,4652	3,3473
42555,4793	3,3473
42575,4934	3,3476
42595,5079	3,3473
42615,5216	3,3476
42635,5359	3,3476
42655,5499	3,3476
42675,5639	3,3473
42695,5780	3,3470
42715,5921	3,3473
42735,6062	3,3473
42755,6203	3,3473
42775,6345	3,3473
42795,6485	3,3473
42815,6626	3,3473
42835,6768	3,3473
42855,6907	3,3470
42875,7049	3,3473
42895,7189	3,3473
42915,7223	3,3470
42935,7248	3,3470
42955,7291	3,3470
42975,7356	3,3476
42995,7389	3,3470
43015,7413	3,3470
43035,7457	3,3470
43055,7492	3,3473
43075,7583	3,3473
43095,7722	3,3473
43115,7865	3,3470
43135,8004	3,3473
43155,8145	3,3473
43175,8288	3,3470
43195,8429	3,3470
43215,8569	3,3470
43235,8709	3,3470
43255,8852	3,3470
43275,8991	3,3470
43295,9132	3,3470
43315,9273	3,3467
43335,9413	3,3467
43355,9556	3,3470
43375,9695	3,3470
43395,9839	3,3467
43415,9977	3,3467
43436,0118	3,3470
43456,0260	3,3467
43476,0400	3,3467
43496,0542	3,3467
43516,0682	3,3467
43536,0824	3,3467
43556,0965	3,3470
43576,1106	3,3467
43596,1247	3,3467
43616,1387	3,3467
43636,1527	3,3464
43656,1668	3,3467
43676,1810	3,3464
43696,1953	3,3467
43716,2093	3,3467
43736,2233	3,3464
43756,2373	3,3464
43776,2514	3,3464
43796,2654	3,3464
43816,2808	3,3470
43836,2948	3,3464
43856,3088	3,3464
43876,3231	3,3464
43896,3369	3,3464
43916,3510	3,3461
43936,3652	3,3461
43956,3794	3,3461
43976,3933	3,3464
43996,4074	3,3461
44016,4219	3,3461
44036,4357	3,3461
44056,4498	3,3461
44076,4637	3,3461
44096,4781	3,3461
44116,4921	3,3461
44136,5065	3,3457
44156,5201	3,3461
44176,5342	3,3461
44196,5484	3,3461
44216,5625	3,3457
44236,5767	3,3457
44256,5907	3,3457
44276,6047	3,3461
44296,6188	3,3461
44316,6329	3,3457
44336,6470	3,3457
44356,6612	3,3461
44376,6754	3,3457
44396,6892	3,3457
44416,7034	3,3457
44436,7174	3,3457
44456,7315	3,3457
44476,7458	3,3457
44496,7597	3,3457
44516,7741	3,3457
44536,7880	3,3457
44556,8022	3,3457
44576,8161	3,3457
44596,8302	3,3454
44616,8443	3,3457
44636,8584	3,3457
44656,8727	3,3457
44676,8877	3,3457
44696,9016	3,3457
44716,9158	3,3457
44736,9298	3,3454
44756,9439	3,3457
44776,9581	3,3454
44796,9723	3,3454
44816,9863	3,3454
44837,0006	3,3457
44857,0144	3,3454
44877,0285	3,3451
44897,0426	3,3454
44917,0568	3,3451
44937,0708	3,3448
44957,0850	3,3451
44977,0990	3,3448
44997,1130	3,3451
45017,1272	3,3454
45037,1412	3,3451
45057,1554	3,3451
45077,1693	3,3451
45097,1837	3,3451
45117,1977	3,3451
45137,2118	3,3454
45157,2258	3,3448
45177,2398	3,3448
45197,2540	3,3448
45217,2680	3,3451
45237,2824	3,3451
45257,2964	3,3445
45277,3103	3,3448
45297,3244	3,3448
45317,3386	3,3451
45337,3525	3,3445
45357,3667	3,3448
45377,3808	3,3448
45397,3951	3,3445
45417,4090	3,3448
45437,4235	3,3445
45457,4371	3,3445
45477,4513	3,3445
45497,4654	3,3445
45517,4794	3,3448
45537,4946	3,3445
45557,5087	3,3445
45577,5227	3,3445
45597,5369	3,3448
45617,5510	3,3442
45637,5652	3,3445
45657,5791	3,3445
45677,5934	3,3445
45697,6074	3,3445
45717,6213	3,3445
45737,6355	3,3442
45757,6496	3,3442
45777,6638	3,3445
45797,6778	3,3442
45817,6921	3,3445
45837,7059	3,3442
45857,7199	3,3445
45877,7341	3,3445
45897,7483	3,3442
45917,7623	3,3442
45937,7764	3,3445
45957,7906	3,3439
45977,8046	3,3442
45997,8188	3,3442
46017,8328	3,3442
46037,8471	3,3439
46057,8609	3,3439
46077,8751	3,3436
46097,8891	3,3439
46117,9032	3,3439
46137,9173	3,3439
46157,9315	3,3439
46177,9457	3,3439
46197,9596	3,3436
46217,9736	3,3436
46237,9877	3,3436
46258,0020	3,3436
46278,0158	3,3439
46298,0301	3,3436
46318,0444	3,3436
46338,0581	3,3436
46358,0724	3,3436
46378,0874	3,3436
46398,1014	3,3436
46418,1156	3,3439
46438,1297	3,3433
46458,1440	3,3433
46478,1578	3,3436
46498,1722	3,3433
46518,1860	3,3433
46538,2001	3,3433
46558,2144	3,3433
46578,2284	3,3433
46598,2424	3,3433
46618,2566	3,3430
46638,2705	3,3433
46658,2846	3,3430
46678,2987	3,3433
46698,3129	3,3430
46718,3270	3,3430
46738,3415	3,3430
46758,3552	3,3433
46778,3692	3,3430
46798,3833	3,3430
46818,3974	3,3433
46838,4114	3,3427
46858,4256	3,3423
46878,4397	3,3430
46898,4540	3,3430
46918,4680	3,3430
46938,4821	3,3427
46958,4963	3,3427
46978,5102	3,3427
46998,5242	3,3427
47018,5384	3,3430
47038,5527	3,3427
47058,5666	3,3423
47078,5806	3,3427
47098,5948	3,3423
47118,6088	3,3423
47138,6229	3,3423
47158,6370	3,3423
47178,6512	3,3423
47198,6653	3,3423
47218,6793	3,3420
47238,6943	3,3420
47258,7084	3,3420
47278,7227	3,3423
47298,7366	3,3420
47318,7508	3,3420
47338,7648	3,3420
47358,7790	3,3420
47378,7929	3,3420
47398,8071	3,3420
47418,8212	3,3420
47438,8353	3,3420
47458,8497	3,3417
47478,8635	3,3417
47498,8775	3,3420
47518,8916	3,3417
47538,9057	3,3417
47558,9199	3,3417
47578,9339	3,3417
47598,9480	3,3417
47618,9621	3,3417
47638,9762	3,3417
47658,9908	3,3414
47679,0044	3,3414
47699,0185	3,3411
47719,0326	3,3414
47739,0468	3,3414
47759,0608	3,3414
47779,0749	3,3417
47799,0890	3,3411
47819,1031	3,3414
47839,1171	3,3411
47859,1312	3,3411
47879,1455	3,3411
47899,1595	3,3414
47919,1736	3,3411
47939,1877	3,3408
47959,2018	3,3408
47979,2157	3,3408
47999,2299	3,3405
48019,2441	3,3405
48039,2583	3,3405
48059,2721	3,3408
48079,2865	3,3405
48099,3013	3,3402
48119,3154	3,3402
48139,3295	3,3402
48159,3438	3,3399
48179,3577	3,3399
48199,3718	3,3402
48219,3859	3,3402
48239,3999	3,3402
48259,4140	3,3399
48279,4281	3,3399
48299,4425	3,3399
48319,4564	3,3396
48339,4705	3,3399
48359,4846	3,3399
48379,4986	3,3399
48399,5126	3,3396
48419,5270	3,3396
48439,5411	3,3396
48459,5551	3,3399
48479,5692	3,3396
48499,5831	3,3396
48519,5974	3,3396
48539,6114	3,3396
48559,6254	3,3396
48579,6398	3,3393
48599,6538	3,3393
48619,6678	3,3393
48639,6819	3,3396
48659,6958	3,3393
48679,7101	3,3389
48699,7241	3,3393
48719,7384	3,3393
48739,7523	3,3389
48759,7664	3,3393
48779,7804	3,3386
48799,7945	3,3389
48819,8087	3,3386
48839,8228	3,3386
48859,8370	3,3393
48879,8508	3,3389
48899,8650	3,3389
48919,8791	3,3386
48939,8942	3,3383
48959,9084	3,3386
48979,9223	3,3383
48999,9365	3,3383
49019,9506	3,3386
49039,9648	3,3386
49059,9789	3,3383
49079,9929	3,3380
49100,0071	3,3383
49120,0211	3,3380
49140,0351	3,3380
49160,0492	3,3377
49180,0632	3,3380
49200,0774	3,3380
49220,0915	3,3380
49240,1058	3,3377
49260,1197	3,3377
49280,1340	3,3374
49300,1479	3,3377
49320,1621	3,3377
49340,1764	3,3371
49360,1902	3,3374
49380,2045	3,3374
49400,2183	3,3374
49420,2325	3,3374
49440,2466	3,3374
49460,2605	3,3371
49480,2747	3,3368
49500,2889	3,3371
49520,3031	3,3368
49540,3169	3,3368
49560,3311	3,3368
49580,3451	3,3365
49600,3592	3,3371
49620,3734	3,3365
49640,3874	3,3368
49660,4016	3,3362
49680,4156	3,3365
49700,4296	3,3362
49720,4440	3,3365
49740,4578	3,3362
49760,4720	3,3362
49780,4860	3,3362
49800,5013	3,3362
49820,5152	3,3359
49840,5293	3,3359
49860,5434	3,3359
49880,5575	3,3359
49900,5716	3,3362
49920,5859	3,3352
49940,6000	3,3359
49960,6140	3,3355
49980,6280	3,3352
50000,6421	3,3355
50020,6562	3,3355
50040,6702	3,3352
50060,6846	3,3349
50080,6986	3,3349
50100,7126	3,3349
50120,7266	3,3349
50140,7408	3,3346
50160,7549	3,3346
50180,7687	3,3346
50200,7829	3,3346
50220,7973	3,3346
50240,8112	3,3346
50260,8253	3,3346
50280,8395	3,3343
50300,8535	3,3343
50320,8675	3,3340
50340,8817	3,3343
50360,8968	3,3340
50380,9098	3,3340
50400,9239	3,3340
50420,9379	3,3337
50440,9520	3,3337
50460,9663	3,3337
50480,9804	3,3337
50500,9947	3,3334
50521,0085	3,3334
50541,0226	3,3334
50561,0366	3,3331
50581,0507	3,3334
50601,0648	3,3331
50621,0791	3,3325
50641,0945	3,3328
50661,1081	3,3328
50681,1222	3,3328
50701,1362	3,3321
50721,1504	3,3325
50741,1645	3,3325
50761,1785	3,3321
50781,1929	3,3321
50801,2067	3,3321
50821,2210	3,3321
50841,2349	3,3321
50861,2492	3,3318
50881,2631	3,3315
50901,2772	3,3315
50921,2915	3,3315
50941,3054	3,3315
50961,3196	3,3312
50981,3337	3,3312
51001,3477	3,3312
51021,3620	3,3309
51041,3760	3,3309
51061,3903	3,3312
51081,4041	3,3309
51101,4182	3,3309
51121,4322	3,3309
51141,4463	3,3309
51161,4605	3,3300
51181,4744	3,3303
51201,4888	3,3300
51221,5027	3,3297
51241,5169	3,3297
51261,5309	3,3297
51281,5451	3,3297
51301,5592	3,3297
51321,5731	3,3294
51341,5872	3,3294
51361,6014	3,3291
51381,6155	3,3291
51401,6296	3,3291
51421,6435	3,3291
51441,6577	3,3288
51461,6718	3,3288
51481,6860	3,3284
51501,7009	3,3284
51521,7152	3,3281
51541,7292	3,3281
51561,7432	3,3281
51581,7574	3,3281
51601,7715	3,3278
51621,7857	3,3278
51641,7997	3,3272
51661,8138	3,3275
51681,8278	3,3272
51701,8420	3,3275
51721,8560	3,3269
51741,8700	3,3269
51761,8844	3,3269
51781,8984	3,3266
51801,9124	3,3266
51821,9266	3,3263
51841,9405	3,3263
51861,9546	3,3260
51881,9687	3,3260
51901,9829	3,3260
51921,9969	3,3257
51942,0115	3,3257
51962,0252	3,3254
51982,0391	3,3254
52002,0534	3,3250
52022,0673	3,3250
52042,0817	3,3250
52062,0957	3,3247
52082,1096	3,3247
52102,1238	3,3244
52122,1378	3,3241
52142,1520	3,3244
52162,1660	3,3244
52182,1801	3,3235
52202,1942	3,3238
52222,2083	3,3238
52242,2226	3,3235
52262,2366	3,3235
52282,2505	3,3232
52302,2648	3,3232
52322,2788	3,3229
52342,2928	3,3229
52362,3080	3,3226
52382,3222	3,3226
52402,3362	3,3220
52422,3502	3,3223
52442,3643	3,3216
52462,3784	3,3216
52482,3924	3,3216
52502,4065	3,3216
52522,4208	3,3213
52542,4349	3,3210
52562,4489	3,3210
52582,4631	3,3204
52602,4770	3,3204
52622,4912	3,3201
52642,5053	3,3198
52662,5195	3,3201
52682,5334	3,3198
52702,5476	3,3198
52722,5617	3,3198
52742,5756	3,3195
52762,5897	3,3195
52782,6040	3,3189
52802,6182	3,3189
52822,6322	3,3189
52842,6461	3,3186
52862,6603	3,3182
52882,6743	3,3182
52902,6886	3,3179
52922,7025	3,3179
52942,7169	3,3176
52962,7307	3,3173
52982,7450	3,3170
53002,7589	3,3173
53022,7730	3,3167
53042,7872	3,3167
53062,8013	3,3164
53082,8155	3,3161
53102,8293	3,3161
53122,8435	3,3158
53142,8576	3,3152
53162,8715	3,3152
53182,8858	3,3152
53202,8999	3,3148
53222,9150	3,3145
53242,9294	3,3145
53262,9432	3,3142
53282,9572	3,3139
53302,9712	3,3136
53322,9857	3,3133
53342,9995	3,3133
53363,0138	3,3130
53383,0276	3,3130
53403,0417	3,3130
53423,0559	3,3127
53443,0699	3,3127
53463,0840	3,3124
53483,0982	3,3121
53503,1125	3,3121
53523,1263	3,3118
53543,1404	3,3108
53563,1546	3,3111
53583,1685	3,3108
53603,1828	3,3105
53623,1968	3,3102
53643,2110	3,3099
53663,2249	3,3099
53683,2391	3,3096
53703,2532	3,3090
53723,2671	3,3090
53743,2815	3,3087
53763,2955	3,3084
53783,3097	3,3084
53803,3236	3,3077
53823,3376	3,3077
53843,3519	3,3074
53863,3660	3,3074
53883,3799	3,3071
53903,3941	3,3068
53923,4084	3,3068
53943,4223	3,3062
53963,4363	3,3062
53983,4506	3,3059
54003,4644	3,3053
54023,4787	3,3050
54043,4928	3,3050
54063,5080	3,3050
54083,5217	3,3043
54103,5360	3,3047
54123,5501	3,3043
54143,5641	3,3040
54163,5783	3,3037
54183,5926	3,3034
54203,6066	3,3028
54223,6205	3,3028
54243,6347	3,3025
54263,6487	3,3022
54283,6628	3,3022
54303,6769	3,3016
54323,6911	3,3013
54343,7054	3,3013
54363,7192	3,3009
54383,7333	3,3009
54403,7475	3,3003
54423,7616	3,3000
54443,7755	3,3000
54463,7897	3,2997
54483,8039	3,2994
54503,8178	3,2991
54523,8319	3,2988
54543,8464	3,2985
54563,8601	3,2982
54583,8741	3,2979
54603,8883	3,2975
54623,9026	3,2972
54643,9166	3,2972
54663,9307	3,2969
54683,9446	3,2963
54703,9589	3,2963
54723,9729	3,2960
54743,9870	3,2954
54764,0011	3,2951
54784,0151	3,2951
54804,0293	3,2948
54824,0434	3,2945
54844,0575	3,2942
54864,0716	3,2938
54884,0856	3,2932
54904,0998	3,2932
54924,1150	3,2929
54944,1289	3,2926
54964,1429	3,2923
54984,1570	3,2923
55004,1712	3,2920
55024,1852	3,2917
55044,1995	3,2914
55064,2135	3,2908
55084,2275	3,2904
55104,2416	3,2901
55124,2556	3,2898
55144,2698	3,2895
55164,2839	3,2898
55184,2981	3,2889
55204,3121	3,2889
55224,3261	3,2886
55244,3402	3,2883
55264,3543	3,2880
55284,3684	3,2877
55304,3826	3,2870
55324,3968	3,2870
55344,4108	3,2864
55364,4249	3,2864
55384,4389	3,2861
55404,4531	3,2855
55424,4672	3,2855
55444,4812	3,2849
55464,4954	3,2846
55484,5093	3,2843
55504,5234	3,2843
55524,5375	3,2836
55544,5517	3,2833
55564,5657	3,2830
55584,5798	3,2824
55604,5941	3,2821
55624,6079	3,2821
55644,6223	3,2815
55664,6361	3,2812
55684,6501	3,2809
55704,6643	3,2806
55724,6784	3,2802
55744,6927	3,2802
55764,7076	3,2796
55784,7217	3,2793
55804,7359	3,2787
55824,7499	3,2784
55844,7644	3,2781
55864,7782	3,2778
55884,7924	3,2775
55904,8062	3,2769
55924,8205	3,2769
55944,8344	3,2762
55964,8485	3,2762
55984,8627	3,2753
56004,8769	3,2753
56024,8909	3,2747
56044,9050	3,2744
56064,9190	3,2741
56084,9330	3,2738
56104,9473	3,2735
56124,9613	3,2728
56144,9754	3,2725
56164,9896	3,2722
56185,0036	3,2716
56205,0176	3,2713
56225,0318	3,2707
56245,0458	3,2704
56265,0599	3,2704
56285,0738	3,2697
56305,0883	3,2691
56325,1022	3,2688
56345,1165	3,2685
56365,1303	3,2679
56385,1446	3,2676
56405,1587	3,2673
56425,1727	3,2667
56445,1870	3,2660
56465,2010	3,2657
56485,2149	3,2654
56505,2290	3,2651
56525,2429	3,2648
56545,2571	3,2645
56565,2714	3,2642
56585,2856	3,2639
56605,2995	3,2633
56625,3146	3,2626
56645,3288	3,2620
56665,3427	3,2617
56685,3568	3,2611
56705,3710	3,2608
56725,3853	3,2602
56745,3991	3,2599
56765,4133	3,2592
56785,4274	3,2589
56805,4414	3,2586
56825,4556	3,2577
56845,4697	3,2577
56865,4839	3,2571
56885,4979	3,2568
56905,5118	3,2558
56925,5260	3,2555
56945,5402	3,2546
56965,5542	3,2543
56985,5682	3,2543
57005,5825	3,2534
57025,5964	3,2531
57045,6105	3,2528
57065,6247	3,2521
57085,6387	3,2515
57105,6528	3,2506
57125,6669	3,2503
57145,6814	3,2500
57165,6950	3,2494
57185,7093	3,2487
57205,7232	3,2481
57225,7372	3,2475
57245,7516	3,2472
57265,7655	3,2466
57285,7799	3,2460
57305,7938	3,2453
57325,8079	3,2444
57345,8220	3,2444
57365,8362	3,2438
57385,8500	3,2432
57405,8642	3,2429
57425,8784	3,2416
57445,8924	3,2407
57465,9064	3,2407
57485,9217	3,2404
57505,9356	3,2398
57525,9498	3,2392
57545,9639	3,2385
57565,9779	3,2376
57585,9920	3,2373
57606,0062	3,2367
57626,0202	3,2358
57646,0342	3,2351
57666,0485	3,2342
57686,0626	3,2336
57706,0767	3,2333
57726,0908	3,2324
57746,1047	3,2317
57766,1189	3,2311
57786,1328	3,2305
57806,1470	3,2296
57826,1611	3,2293
57846,1754	3,2283
57866,1894	3,2277
57886,2034	3,2268
57906,2174	3,2262
57926,2316	3,2256
57946,2459	3,2246
57966,2597	3,2237
57986,2739	3,2231
58006,2880	3,2225
58026,3022	3,2216
58046,3161	3,2212
58066,3301	3,2203
58086,3443	3,2194
58106,3584	3,2185
58126,3726	3,2178
58146,3866	3,2175
58166,4007	3,2163
58186,4149	3,2157
58206,4289	3,2151
58226,4430	3,2138
58246,4572	3,2132
58266,4713	3,2126
58286,4853	3,2117
58306,4993	3,2107
58326,5144	3,2098
58346,5284	3,2089
58366,5427	3,2080
58386,5567	3,2070
58406,5709	3,2061
58426,5849	3,2055
58446,5994	3,2043
58466,6130	3,2036
58486,6271	3,2024
58506,6411	3,2015
58526,6553	3,2009
58546,6696	3,1996
58566,6836	3,1987
58586,6976	3,1978
58606,7116	3,1965
58626,7260	3,1959
58646,7399	3,1950
58666,7539	3,1937
58686,7679	3,1928
58706,7823	3,1919
58726,7962	3,1907
58746,8104	3,1897
58766,8244	3,1885
58786,8385	3,1876
58806,8527	3,1866
58826,8671	3,1851
58846,8808	3,1845
58866,8950	3,1829
58886,9091	3,1820
58906,9231	3,1808
58926,9372	3,1798
58946,9513	3,1786
58966,9655	3,1777
58986,9796	3,1764
59006,9936	3,1749
59027,0077	3,1740
59047,0218	3,1727
59067,0359	3,1718
59087,0499	3,1706
59107,0642	3,1693
59127,0781	3,1678
59147,0922	3,1666
59167,1064	3,1653
59187,1215	3,1641
59207,1355	3,1629
59227,1496	3,1616
59247,1638	3,1604
59267,1777	3,1591
59287,1917	3,1576
59307,2059	3,1564
59327,2201	3,1551
59347,2342	3,1536
59367,2482	3,1524
59387,2624	3,1508
59407,2765	3,1496
59427,2904	3,1483
59447,3046	3,1468
59467,3186	3,1456
59487,3327	3,1440
59507,3470	3,1425
59527,3608	3,1415
59547,3752	3,1397
59567,3892	3,1384
59587,4033	3,1369
59607,4173	3,1354
59627,4315	3,1338
59647,4455	3,1323
59667,4598	3,1310
59687,4738	3,1295
59707,4878	3,1279
59727,5019	3,1270
59747,5163	3,1255
59767,5302	3,1239
59787,5441	3,1221
59807,5585	3,1208
59827,5722	3,1193
59847,5864	3,1174
59867,6006	3,1159
59887,6145	3,1144
59907,6288	3,1128
59927,6429	3,1116
59947,6571	3,1097
59967,6710	3,1079
59987,6852	3,1066
60007,6991	3,1048
60027,7132	3,1032
60047,7286	3,1017
60067,7424	3,0998
60087,7565	3,0980
60107,7707	3,0967
60127,7847	3,0949
60147,7991	3,0930
60167,8130	3,0918
60187,8269	3,0899
60207,8415	3,0878
60227,8552	3,0862
60247,8692	3,0847
60267,8833	3,0825
60287,8978	3,0810
60307,9116	3,0794
60327,9257	3,0776
60347,9398	3,0757
60367,9537	3,0742
60387,9681	3,0720
60407,9820	3,0702
60427,9963	3,0686
60448,0103	3,0668
60468,0243	3,0649
60488,0384	3,0631
60508,0524	3,0612
60528,0667	3,0591
60548,0807	3,0572
60568,0951	3,0553
60588,1090	3,0532
60608,1229	3,0513
60628,1371	3,0495
60648,1512	3,0476
60668,1652	3,0458
60688,1793	3,0433
60708,1936	3,0418
60728,2077	3,0396
60748,2215	3,0377
60768,2358	3,0356
60788,2498	3,0334
60808,2638	3,0316
60828,2779	3,0297
60848,2924	3,0278
60868,3062	3,0254
60888,3202	3,0235
60908,3354	3,0211
60928,3494	3,0195
60948,3637	3,0173
60968,3776	3,0155
60988,3919	3,0133
61008,4057	3,0112
61028,4198	3,0087
61048,4338	3,0065
61068,4482	3,0041
61088,4621	3,0025
61108,4762	3,0000
61109,4745	2,9997
