t/s	U/V
0,0000	3,3954
0,0471	3,4046
0,1247	3,4102
0,2183	3,4157
0,3432	3,4213
0,4991	3,4269
0,7175	3,4321
0,9671	3,4374
1,3102	3,4429
1,7317	3,4482
2,2618	3,4534
2,9170	3,4587
3,6813	3,4639
4,5549	3,4692
5,5221	3,4744
6,6608	3,4797
7,7995	3,4849
9,0787	3,4902
10,5293	3,4955
11,9644	3,5007
13,5712	3,5060
15,3028	3,5112
17,0966	3,5165
18,9998	3,5217
20,9341	3,5270
23,0243	3,5322
25,2394	3,5375
27,5326	3,5427
30,0440	3,5480
32,5710	3,5532
35,4101	3,5585
38,0931	3,5637
41,0259	3,5690
44,0520	3,5742
47,1406	3,5795
50,3697	3,5847
53,8951	3,5900
57,5298	3,5952
61,0551	3,6005
64,8926	3,6057
69,0107	3,6110
73,2224	3,6162
77,5902	3,6215
81,8332	3,6267
86,4661	3,6320
91,6606	3,6373
96,4341	3,6425
101,3790	3,6478
106,9479	3,6530
112,6103	3,6583
118,4913	3,6635
124,7466	3,6688
131,1578	3,6740
138,2711	3,6793
145,2906	3,6845
152,4038	3,6898
159,7669	3,6950
167,6286	3,7003
175,7090	3,7055
183,7114	3,7108
192,3534	3,7160
201,1201	3,7213
209,9492	3,7265
219,2620	3,7318
228,8865	3,7370
239,0885	3,7423
249,8988	3,7475
261,1301	3,7528
273,2506	3,7580
285,6832	3,7633
298,3809	3,7686
310,9697	3,7738
324,3225	3,7791
338,6736	3,7843
353,1029	3,7896
368,5772	3,7948
384,2233	3,8001
401,3199	3,8053
418,9314	3,8106
437,6973	3,8158
457,7110	3,8208
477,7247	3,8257
497,7384	3,8300
517,7522	3,8344
537,7659	3,8387
557,7797	3,8430
577,7934	3,8467
597,8071	3,8504
617,8208	3,8541
637,8346	3,8572
657,8483	3,8606
677,8621	3,8637
697,8759	3,8668
717,8895	3,8699
737,9034	3,8727
757,9170	3,8751
777,9308	3,8785
797,9446	3,8810
817,9583	3,8835
837,9720	3,8863
857,9858	3,8887
877,9996	3,8909
898,0134	3,8934
918,0270	3,8955
938,0407	3,8980
958,0545	3,9005
978,0682	3,9023
998,0820	3,9045
1018,0957	3,9070
1038,1095	3,9091
1058,1232	3,9113
1078,1369	3,9131
1098,1510	3,9153
1118,1644	3,9175
1138,1782	3,9190
1158,1919	3,9215
1178,2057	3,9230
1198,2194	3,9252
1218,2331	3,9270
1238,2469	3,9292
1258,2606	3,9307
1278,2743	3,9329
1298,2880	3,9345
1318,3019	3,9363
1338,3156	3,9379
1358,3293	3,9400
1378,3431	3,9419
1398,3568	3,9434
1418,3705	3,9453
1438,3843	3,9468
1458,3981	3,9484
1478,4118	3,9505
1498,4255	3,9521
1518,4393	3,9533
1538,4531	3,9545
1558,4667	3,9567
1578,4804	3,9582
1598,4942	3,9598
1618,5080	3,9616
1638,5217	3,9629
1658,5355	3,9647
1678,5492	3,9660
1698,5629	3,9675
1718,5767	3,9697
1738,5904	3,9709
1758,6041	3,9728
1778,6179	3,9740
1798,6317	3,9755
1818,6454	3,9774
1838,6591	3,9786
1858,6729	3,9802
1878,6866	3,9820
1898,7003	3,9830
1918,7141	3,9848
1938,7278	3,9867
1958,7415	3,9882
1978,7553	3,9894
1998,7690	3,9907
2018,7828	3,9922
2038,7965	3,9938
2058,8103	3,9956
2078,8240	3,9969
2098,8378	3,9984
2118,8515	3,9999
2138,8652	4,0012
2158,8790	4,0027
2178,8928	4,0040
2198,9065	4,0055
2218,9202	4,0067
2238,9341	4,0086
2258,9476	4,0101
2278,9615	4,0114
2298,9752	4,0123
2318,9889	4,0139
2339,0027	4,0151
2359,0164	4,0166
2379,0301	4,0179
2399,0442	4,0191
2419,0577	4,0210
2439,0715	4,0222
2459,0852	4,0234
2479,0989	4,0250
2499,1126	4,0259
2519,1264	4,0271
2539,1400	4,0287
2559,1539	4,0299
2579,1677	4,0315
2599,1813	4,0324
2619,1950	4,0336
2639,2087	4,0349
2659,2225	4,0361
2679,2362	4,0370
2699,2500	4,0386
2719,2638	4,0398
2739,2775	4,0413
2759,2912	4,0423
2779,3050	4,0432
2799,3187	4,0451
2819,3325	4,0460
2839,3462	4,0469
2859,3600	4,0485
2879,3737	4,0494
2899,3875	4,0509
2919,4012	4,0519
2939,4150	4,0531
2959,4286	4,0546
2979,4424	4,0559
2999,4562	4,0568
3019,4700	4,0580
3039,4837	4,0590
3059,4973	4,0605
3079,5111	4,0617
3099,5249	4,0624
3119,5386	4,0639
3139,5523	4,0648
3159,5662	4,0664
3179,5798	4,0673
3199,5935	4,0682
3219,6073	4,0692
3239,6210	4,0707
3259,6349	4,0716
3279,6485	4,0725
3299,6624	4,0741
3319,6760	4,0750
3339,6898	4,0759
3359,7035	4,0772
3379,7172	4,0784
3399,7310	4,0793
3419,7448	4,0806
3439,7585	4,0815
3459,7722	4,0831
3479,7860	4,0837
3499,7999	4,0852
3519,8135	4,0861
3539,8272	4,0874
3559,8409	4,0886
3579,8547	4,0892
3599,8684	4,0902
3619,8821	4,0914
3639,8959	4,0926
3659,9096	4,0932
3679,9234	4,0942
3699,9374	4,0954
3719,9508	4,0960
3739,9645	4,0973
3759,9783	4,0982
3779,9921	4,0991
3800,0058	4,1007
3820,0196	4,1016
3840,0333	4,1025
3860,0469	4,1034
3880,0608	4,1044
3900,0745	4,1053
3920,0883	4,1065
3940,1020	4,1075
3960,1158	4,1084
3980,1295	4,1093
4000,1432	4,1102
4020,1570	4,1112
4040,1708	4,1118
4060,1845	4,1130
4080,1982	4,1146
4100,2119	4,1155
4120,2257	4,1161
4140,2394	4,1177
4160,2531	4,1180
4180,2669	4,1189
4200,2806	4,1198
4220,2944	4,1207
4240,3082	4,1217
4260,3219	4,1226
4280,3357	4,1235
4300,3494	4,1248
4320,3631	4,1257
4340,3768	4,1263
4360,3905	4,1272
4380,4044	4,1282
4400,4180	4,1291
4420,4318	4,1300
4440,4456	4,1306
4460,4592	4,1316
4480,4731	4,1322
4500,4869	4,1334
4520,5005	4,1343
4540,5143	4,1353
4560,5279	4,1359
4580,5417	4,1368
4600,5555	4,1374
4620,5693	4,1380
4640,5830	4,1393
4660,5967	4,1402
4680,6105	4,1408
4700,6244	4,1418
4720,6379	4,1427
4740,6517	4,1433
4760,6654	4,1442
4780,6792	4,1455
4800,6931	4,1458
4820,7067	4,1470
4840,7205	4,1479
4860,7340	4,1485
4880,7479	4,1495
4900,7616	4,1501
4920,7753	4,1510
4940,7891	4,1519
4960,8028	4,1529
4980,8167	4,1535
5000,8306	4,1547
5020,8440	4,1557
5040,8579	4,1563
5060,8715	4,1569
5080,8853	4,1578
5100,8991	4,1584
5120,9128	4,1594
5140,9265	4,1603
5160,9403	4,1609
5180,9542	4,1618
5200,9677	4,1631
5220,9815	4,1637
5240,9952	4,1646
5261,0090	4,1655
5281,0227	4,1658
5301,0364	4,1668
5321,0502	4,1680
5341,0639	4,1683
5361,0776	4,1692
5381,0915	4,1702
5401,1051	4,1705
5421,1189	4,1717
5441,1326	4,1726
5461,1464	4,1730
5481,1601	4,1742
5501,1739	4,1748
5521,1875	4,1754
5541,2014	4,1760
5561,2151	4,1767
5581,2288	4,1776
5601,2426	4,1782
5621,2569	4,1788
5641,2701	4,1794
5661,2838	4,1807
5681,2975	4,1810
5701,3113	4,1819
5721,3250	4,1822
5741,3387	4,1832
5761,3525	4,1838
5781,3662	4,1844
5801,3800	4,1850
5821,3937	4,1856
5841,4074	4,1862
5861,4213	4,1875
5881,4349	4,1878
5901,4486	4,1884
5921,4624	4,1893
5941,4761	4,1899
5961,4899	4,1903
5981,5036	4,1909
6001,5175	4,1915
6021,5312	4,1921
6041,5449	4,1927
6061,5587	4,1937
6081,5724	4,1940
6101,5861	4,1949
6121,5997	4,1955
6141,6136	4,1961
6161,6274	4,1964
6181,6411	4,1971
6201,6549	4,1980
6221,6685	4,1986
6241,6822	4,1992
6261,6960	4,1998
6281,7098	4,2005
6301,7239	4,2011
6321,7373	4,2014
6341,7510	4,2020
6361,7647	4,2026
6381,7786	4,2035
6401,7923	4,2035
6421,8060	4,2045
6441,8197	4,2051
6461,8335	4,2054
6481,8473	4,2063
6501,8610	4,2069
6521,8748	4,2072
6541,8885	4,2079
6561,9022	4,2082
6581,9159	4,2088
6601,9296	4,2094
6621,9434	4,2097
6641,9572	4,2100
6661,9709	4,2110
6681,9846	4,2113
6701,9984	4,2116
6722,0121	4,2122
6742,0259	4,2128
6762,0395	4,2134
6782,0535	4,2137
6802,0671	4,2137
6822,0808	4,2147
6842,0946	4,2150
6862,1083	4,2156
6882,1221	4,2162
6902,1358	4,2165
6922,1496	4,2168
6942,1634	4,2174
6962,1770	4,2181
6982,1908	4,2181
7002,2046	4,2184
7022,2183	4,2190
7042,2320	4,2196
7062,2457	4,2196
7082,2595	4,2202
7102,2732	4,2208
7122,2869	4,2215
7142,3006	4,2218
7162,3144	4,2221
7182,3282	4,2227
7202,3420	4,2230
7222,3557	4,2233
7242,3694	4,2242
7262,3832	4,2242
7282,3969	4,2245
7302,4107	4,2252
7322,4244	4,2255
7342,4382	4,2255
7362,4518	4,2261
7382,4656	4,2267
7402,4793	4,2267
7422,4931	4,2273
7442,5069	4,2276
7462,5205	4,2279
7482,5343	4,2283
7502,5481	4,2286
7522,5618	4,2289
7542,5755	4,2295
7562,5893	4,2298
7582,6030	4,2298
7602,6170	4,2304
7622,6305	4,2307
7642,6442	4,2313
7662,6580	4,2317
7682,6718	4,2320
7702,6854	4,2320
7722,6992	4,2323
7742,7130	4,2329
7762,7267	4,2335
7782,7405	4,2332
7802,7542	4,2341
7822,7679	4,2341
7842,7816	4,2341
7862,7954	4,2347
7882,8092	4,2347
7902,8229	4,2351
7922,8366	4,2357
7942,8504	4,2357
7962,8641	4,2360
7982,8778	4,2366
8002,8916	4,2369
8022,9053	4,2372
8042,9191	4,2375
8062,9328	4,2378
8082,9466	4,2381
8102,9603	4,2385
8122,9740	4,2385
8142,9878	4,2391
8163,0015	4,2388
8183,0153	4,2394
8203,0290	4,2394
8223,0427	4,2400
8243,0565	4,2400
8263,0702	4,2403
8283,0842	4,2406
8303,0977	4,2406
8323,1115	4,2412
8343,1252	4,2418
8363,1389	4,2415
8383,1527	4,2422
8403,1664	4,2422
8423,1802	4,2428
8443,1938	4,2428
8463,2076	4,2428
8483,2214	4,2431
8503,2351	4,2431
8523,2489	4,2437
8543,2625	4,2440
8563,2766	4,2443
8583,2901	4,2443
8603,3039	4,2443
8623,3176	4,2446
8643,3313	4,2449
8663,3451	4,2452
8683,3588	4,2456
8703,3725	4,2459
8723,3863	4,2459
8743,4000	4,2465
8763,4138	4,2465
8783,4276	4,2465
8803,4412	4,2471
8823,4550	4,2468
8843,4688	4,2471
8863,4824	4,2474
8883,4962	4,2474
8903,5103	4,2477
8923,5237	4,2480
8943,5374	4,2480
8963,5512	4,2486
8983,5650	4,2483
9003,5787	4,2483
9023,5925	4,2486
9043,6062	4,2493
9063,6200	4,2493
9083,6338	4,2493
9103,6474	4,2496
9123,6611	4,2496
9143,6750	4,2499
9163,6886	4,2499
9183,7023	4,2505
9203,7161	4,2505
9223,7299	4,2505
9243,7436	4,2508
9263,7573	4,2511
9283,7710	4,2511
9303,7848	4,2517
9323,7985	4,2511
9343,8122	4,2517
9363,8260	4,2517
9383,8398	4,2517
9403,8535	4,2520
9423,8673	4,2524
9443,8810	4,2524
9463,8948	4,2520
9483,9085	4,2530
9503,9222	4,2527
9523,9360	4,2530
9543,9497	4,2536
9563,9634	4,2536
9583,9772	4,2533
9603,9909	4,2539
9624,0047	4,2539
9644,0185	4,2539
9664,0321	4,2542
9684,0459	4,2545
9704,0596	4,2542
9724,0734	4,2548
9744,0871	4,2548
9764,1009	4,2548
9784,1146	4,2548
9804,1283	4,2551
9824,1421	4,2551
9844,1559	4,2554
9864,1696	4,2554
9884,1833	4,2554
9904,1973	4,2558
9924,2109	4,2561
9944,2245	4,2561
9964,2382	4,2564
9984,2520	4,2564
10004,2658	4,2567
10024,2795	4,2570
10044,2933	4,2567
10064,3070	4,2570
10084,3208	4,2570
10104,3344	4,2570
10124,3482	4,2576
10144,3619	4,2573
10164,3757	4,2576
10184,3894	4,2576
10204,4033	4,2579
10224,4171	4,2579
10244,4306	4,2582
10264,4444	4,2582
10284,4583	4,2582
10304,4719	4,2585
10324,4857	4,2588
10344,4993	4,2588
10364,5131	4,2591
10384,5269	4,2588
10404,5406	4,2588
10424,5543	4,2595
10444,5681	4,2595
10464,5819	4,2595
10484,5956	4,2595
10504,6093	4,2598
10524,6231	4,2598
10544,6368	4,2601
10564,6506	4,2598
10584,6642	4,2598
10604,6780	4,2604
10624,6918	4,2604
10644,7055	4,2607
10664,7193	4,2607
10684,7330	4,2607
10704,7468	4,2607
10724,7604	4,2610
10744,7742	4,2610
10764,7880	4,2613
10784,8018	4,2616
10804,8154	4,2619
10824,8291	4,2616
10844,8429	4,2619
10864,8566	4,2616
10884,8704	4,2619
10904,8841	4,2622
10924,8980	4,2619
10944,9116	4,2622
10964,9253	4,2622
10984,9391	4,2625
11004,9529	4,2629
11024,9667	4,2629
11044,9803	4,2629
11064,9941	4,2629
11085,0078	4,2629
11105,0216	4,2632
11125,0353	4,2635
11145,0491	4,2632
11165,0628	4,2632
11185,0765	4,2635
11205,0903	4,2638
11225,1041	4,2641
11245,1178	4,2638
11265,1316	4,2638
11285,1453	4,2644
11305,1589	4,2641
11325,1727	4,2644
11345,1864	4,2644
11365,2003	4,2644
11385,2140	4,2644
11405,2277	4,2644
11425,2414	4,2650
11445,2552	4,2647
11465,2689	4,2650
11485,2827	4,2653
11505,2965	4,2653
11525,3101	4,2653
11545,3239	4,2653
11565,3376	4,2656
11585,3515	4,2656
11605,3651	4,2659
11625,3788	4,2659
11645,3926	4,2659
11665,4063	4,2659
11685,4202	4,2663
11705,4338	4,2666
11725,4475	4,2663
11745,4612	4,2666
11765,4751	4,2663
11785,4888	4,2669
11805,5025	4,2666
11825,5162	4,2669
11845,5300	4,2669
11865,5437	4,2672
11885,5574	4,2669
11905,5712	4,2675
11925,5850	4,2672
11945,5987	4,2672
11965,6125	4,2675
11985,6262	4,2675
12005,6399	4,2675
12025,6537	4,2678
12045,6675	4,2681
12065,6812	4,2678
12085,6950	4,2681
12105,7086	4,2681
12125,7223	4,2684
12145,7361	4,2684
12165,7498	4,2684
12185,7636	4,2687
12205,7775	4,2687
12225,7911	4,2687
12245,8048	4,2693
12265,8186	4,2687
12285,8323	4,2690
12305,8461	4,2690
12325,8600	4,2690
12345,8735	4,2693
12365,8873	4,2693
12385,9010	4,2697
12405,9148	4,2693
12425,9285	4,2693
12445,9422	4,2693
12465,9560	4,2693
12485,9697	4,2697
12505,9836	4,2697
12525,9973	4,2697
12546,0109	4,2697
12566,0247	4,2697
12586,0384	4,2700
12606,0523	4,2697
12626,0659	4,2703
12646,0798	4,2703
12666,0934	4,2703
12686,1071	4,2706
12706,1210	4,2703
12726,1346	4,2709
12746,1486	4,2709
12766,1621	4,2712
12786,1759	4,2709
12806,1899	4,2712
12826,2034	4,2712
12846,2171	4,2712
12866,2308	4,2712
12886,2446	4,2712
12906,2584	4,2715
12926,2721	4,2715
12946,2858	4,2718
12966,2995	4,2715
12986,3132	4,2718
13006,3270	4,2721
13026,3408	4,2718
13046,3545	4,2721
13066,3683	4,2721
13086,3820	4,2721
13106,3958	4,2721
13126,4095	4,2724
13146,4232	4,2724
13166,4369	4,2724
13186,4506	4,2724
13206,4644	4,2724
13226,4782	4,2727
13246,4919	4,2727
13266,5057	4,2724
13286,5195	4,2727
13306,5331	4,2731
13326,5469	4,2731
13346,5607	4,2731
13366,5745	4,2734
13386,5882	4,2734
13406,6018	4,2734
13426,6156	4,2737
13446,6293	4,2737
13466,6431	4,2734
13486,6568	4,2737
13506,6706	4,2737
13526,6844	4,2737
13546,6981	4,2740
13566,7118	4,2737
13586,7255	4,2740
13606,7392	4,2740
13626,7530	4,2743
13646,7668	4,2743
13666,7805	4,2740
13686,7944	4,2743
13706,8080	4,2743
13726,8218	4,2743
13746,8355	4,2743
13766,8492	4,2746
13786,8630	4,2746
13806,8767	4,2746
13826,8905	4,2749
13846,9041	4,2749
13866,9179	4,2752
13886,9317	4,2749
13906,9455	4,2749
13926,9591	4,2752
13946,9730	4,2755
13966,9868	4,2752
13987,0003	4,2755
14007,0141	4,2758
14027,0279	4,2755
14047,0416	4,2758
14067,0554	4,2755
14087,0691	4,2758
14107,0832	4,2758
14127,0965	4,2761
14147,1103	4,2761
14167,1240	4,2761
14187,1378	4,2761
14207,1517	4,2761
14227,1653	4,2761
14247,1789	4,2765
14267,1927	4,2761
14287,2064	4,2765
14307,2202	4,2768
14327,2340	4,2765
14347,2477	4,2765
14367,2615	4,2768
14387,2752	4,2768
14407,2890	4,2768
14427,3027	4,2768
14447,3164	4,2771
14467,3302	4,2768
14487,3439	4,2774
14507,3577	4,2774
14527,3714	4,2774
14547,3851	4,2777
14567,3989	4,2774
14587,4126	4,2774
14607,4263	4,2774
14627,4402	4,2777
14647,4539	4,2777
14667,4677	4,2777
14687,4815	4,2777
14707,4950	4,2777
14727,5089	4,2777
14747,5226	4,2780
14767,5363	4,2780
14787,5501	4,2780
14807,5638	4,2780
14827,5776	4,2780
14847,5913	4,2783
14867,6050	4,2783
14887,6187	4,2783
14907,6325	4,2786
14927,6463	4,2783
14947,6599	4,2786
14967,6738	4,2786
14987,6875	4,2783
15007,7012	4,2786
15027,7150	4,2786
15047,7287	4,2789
15067,7424	4,2786
15087,7562	4,2786
15107,7699	4,2789
15127,7837	4,2789
15147,7974	4,2792
15167,8111	4,2789
15187,8249	4,2792
15207,8387	4,2789
15227,8524	4,2792
15247,8662	4,2792
15267,8799	4,2792
15287,8936	4,2792
15307,9074	4,2795
15327,9210	4,2792
15347,9348	4,2795
15367,9486	4,2792
15387,9623	4,2795
15407,9763	4,2798
15427,9898	4,2795
15448,0035	4,2795
15468,0172	4,2798
15488,0310	4,2795
15508,0447	4,2798
15528,0586	4,2798
15548,0722	4,2795
15568,0860	4,2802
15588,0997	4,2798
15608,1135	4,2802
15628,1271	4,2802
15648,1410	4,2802
15668,1547	4,2802
15688,1684	4,2805
15708,1821	4,2805
15728,1960	4,2802
15748,2097	4,2805
15768,2234	4,2805
15788,2371	4,2808
15808,2508	4,2808
15828,2646	4,2808
15848,2784	4,2805
15868,2921	4,2808
15888,3058	4,2808
15908,3196	4,2808
15928,3333	4,2808
15948,3472	4,2811
15968,3610	4,2808
15988,3745	4,2808
16008,3883	4,2811
16028,4021	4,2814
16048,4158	4,2811
16068,4295	4,2811
16088,4433	4,2811
16108,4569	4,2814
16128,4708	4,2814
16148,4845	4,2817
16168,4983	4,2814
16188,5120	4,2814
16208,5257	4,2817
16228,5394	4,2817
16248,5532	4,2817
16268,5669	4,2817
16288,5805	4,2817
16308,5944	4,2817
16328,6082	4,2820
16348,6219	4,2820
16368,6356	4,2817
16388,6495	4,2820
16408,6631	4,2820
16428,6769	4,2823
16448,6906	4,2817
16468,7043	4,2820
16488,7181	4,2820
16508,7318	4,2823
16528,7456	4,2823
16548,7594	4,2820
16568,7731	4,2823
16588,7868	4,2823
16608,8006	4,2820
16628,8143	4,2823
16648,8282	4,2823
16668,8417	4,2823
16688,8555	4,2829
16708,8693	4,2829
16728,8830	4,2826
16748,8967	4,2829
16768,9105	4,2826
16788,9251	4,2832
16808,9381	4,2826
16828,9517	4,2829
16848,9655	4,2832
16868,9792	4,2832
16888,9929	4,2832
16909,0067	4,2832
16929,0204	4,2836
16949,0341	4,2829
16969,0480	4,2832
16989,0616	4,2836
17009,0754	4,2832
17029,0891	4,2836
17049,1029	4,2832
17069,1166	4,2836
17089,1303	4,2836
17109,1442	4,2839
17129,1579	4,2839
17149,1716	4,2839
17169,1854	4,2836
17189,1991	4,2839
17209,2128	4,2839
17229,2265	4,2839
17249,2402	4,2839
17269,2541	4,2839
17289,2678	4,2839
17309,2815	4,2842
17329,2954	4,2839
17349,3090	4,2839
17369,3226	4,2839
17389,3365	4,2839
17409,3502	4,2842
17429,3639	4,2842
17449,3777	4,2842
17469,3914	4,2842
17489,4052	4,2842
17509,4189	4,2845
17529,4327	4,2845
17549,4464	4,2842
17569,4602	4,2845
17589,4739	4,2845
17609,4876	4,2845
17629,5014	4,2845
17649,5152	4,2848
17669,5289	4,2848
17689,5426	4,2848
17709,5563	4,2848
17729,5702	4,2848
17749,5838	4,2851
17769,5976	4,2848
17789,6113	4,2851
17809,6251	4,2848
17829,6388	4,2851
17849,6525	4,2851
17869,6663	4,2851
17889,6800	4,2851
17909,6937	4,2854
17929,7075	4,2857
17949,7213	4,2854
17969,7350	4,2854
17989,7488	4,2854
18009,7628	4,2857
18029,7762	4,2857
18049,7899	4,2857
18069,8037	4,2857
18089,8175	4,2857
18109,8312	4,2857
18129,8450	4,2857
18149,8587	4,2857
18169,8695	4,2857
18189,8834	4,2860
18209,8971	4,2857
18229,9108	4,2857
18249,9245	4,2860
18269,9383	4,2860
18289,9433	4,2857
18309,9570	4,2860
18329,9707	4,2860
18349,9844	4,2860
18369,9982	4,2860
18390,0119	4,2863
18410,0257	4,2860
18430,0394	4,2860
18450,0532	4,2860
18470,0669	4,2866
18490,0808	4,2860
18510,0944	4,2863
18530,1081	4,2863
18550,1221	4,2863
18570,1356	4,2863
18590,1494	4,2863
18610,1631	4,2866
18630,1769	4,2870
18650,1907	4,2870
18670,2043	4,2866
18690,2181	4,2866
18710,2320	4,2870
18730,2456	4,2866
18750,2593	4,2866
18770,2731	4,2866
18790,2870	4,2870
18810,3005	4,2866
18830,3143	4,2870
18850,3280	4,2870
18870,3418	4,2870
18890,3555	4,2870
18910,3693	4,2870
18930,3830	4,2870
18950,3968	4,2873
18970,4105	4,2873
18990,4243	4,2873
19010,4380	4,2873
19030,4518	4,2876
19050,4654	4,2876
19070,4792	4,2876
19090,4929	4,2873
19110,5068	4,2876
19130,5204	4,2876
19150,5342	4,2876
19170,5479	4,2879
19190,5617	4,2876
19210,5754	4,2879
19230,5891	4,2879
19250,6028	4,2882
19270,6166	4,2882
19290,6303	4,2876
19310,6441	4,2879
19330,6578	4,2879
19350,6716	4,2882
19370,6854	4,2879
19390,6991	4,2882
19410,7128	4,2885
19430,7266	4,2885
19450,7403	4,2885
19470,7540	4,2882
19490,7679	4,2885
19510,7815	4,2888
19530,7952	4,2885
19550,8089	4,2885
19570,8227	4,2888
19590,8364	4,2888
19610,8502	4,2885
19630,8639	4,2888
19650,8777	4,2891
19670,8914	4,2888
19690,9052	4,2888
19710,9189	4,2888
19730,9327	4,2888
19750,9464	4,2888
19770,9602	4,2891
19790,9738	4,2888
19810,9876	4,2888
19831,0013	4,2891
19851,0152	4,2891
19871,0289	4,2891
19891,0426	4,2891
19911,0564	4,2891
19931,0701	4,2891
19951,0838	4,2891
19971,0975	4,2891
19991,1113	4,2894
20011,1250	4,2894
20031,1388	4,2894
20051,1525	4,2894
20071,1663	4,2894
20091,1801	4,2894
20111,1937	4,2894
20131,2075	4,2894
20151,2212	4,2897
20171,2349	4,2894
20191,2488	4,2897
20211,2624	4,2894
20231,2763	4,2897
20251,2900	4,2894
20271,3037	4,2897
20291,3174	4,2897
20311,3311	4,2897
20331,3450	4,2897
20351,3586	4,2900
20371,3724	4,2897
20391,3861	4,2900
20411,3999	4,2900
20431,4136	4,2900
20451,4275	4,2904
20471,4411	4,2904
20491,4548	4,2904
20511,4685	4,2904
20531,4823	4,2904
20551,4960	4,2907
20571,5098	4,2907
20591,5235	4,2904
20611,5373	4,2904
20631,5510	4,2907
20651,5648	4,2907
20671,5786	4,2910
20691,5922	4,2907
20711,6061	4,2907
20731,6197	4,2910
20751,6335	4,2907
20771,6472	4,2910
20791,6611	4,2910
20811,6747	4,2910
20831,6884	4,2910
20851,7022	4,2913
20871,7159	4,2910
20891,7297	4,2913
20911,7436	4,2910
20931,7572	4,2913
20951,7709	4,2913
20971,7846	4,2913
20991,7984	4,2913
21011,8122	4,2913
21031,8258	4,2910
21051,8396	4,2916
21071,8534	4,2916
21091,8672	4,2916
21111,8808	4,2913
21131,8946	4,2913
21151,9086	4,2916
21171,9220	4,2916
21191,9358	4,2913
21211,9496	4,2916
21231,9633	4,2916
21251,9770	4,2919
21271,9908	4,2919
21292,0045	4,2919
21312,0183	4,2922
21332,0320	4,2919
21352,0457	4,2919
21372,0595	4,2916
21392,0734	4,2919
21412,0869	4,2922
21432,1007	4,2922
21452,1145	4,2922
21472,1282	4,2922
21492,1420	4,2922
21512,1556	4,2925
21532,1694	4,2928
21552,1832	4,2925
21572,1969	4,2925
21592,2106	4,2925
21612,2244	4,2928
21632,2382	4,2928
21652,2518	4,2928
21672,2656	4,2928
21692,2793	4,2928
21712,2929	4,2931
21732,3068	4,2928
21752,3205	4,2931
21772,3342	4,2931
21792,3481	4,2931
21812,3618	4,2928
21832,3753	4,2931
21852,3893	4,2934
21872,4030	4,2931
21892,4166	4,2934
21912,4305	4,2931
21932,4442	4,2934
21952,4578	4,2934
21972,4717	4,2938
21992,4855	4,2938
22012,4991	4,2934
22032,5129	4,2938
22052,5267	4,2941
22072,5403	4,2938
22092,5542	4,2938
22112,5680	4,2941
22132,5816	4,2938
22152,5954	4,2941
22172,6092	4,2938
22192,6228	4,2941
22212,6366	4,2938
22232,6504	4,2941
22252,6639	4,2938
22272,6778	4,2941
22292,6916	4,2938
22312,7052	4,2941
22332,7191	4,2941
22352,7328	4,2941
22372,7464	4,2944
22392,7603	4,2944
22412,7740	4,2941
22432,7876	4,2941
22452,8019	4,2944
22472,8154	4,2944
22492,8289	4,2944
22512,8428	4,2944
22532,8565	4,2947
22552,8704	4,2947
22572,8840	4,2944
22592,8977	4,2947
22612,9113	4,2947
22632,9252	4,2950
22652,9390	4,2950
22672,9525	4,2950
22692,9665	4,2950
22712,9802	4,2950
22732,9938	4,2950
22753,0077	4,2953
22773,0214	4,2956
22793,0350	4,2950
22813,0488	4,2953
22833,0626	4,2953
22853,0764	4,2953
22873,0901	4,2950
22893,1039	4,2953
22913,1175	4,2956
22933,1314	4,2956
22953,1451	4,2953
22973,1588	4,2956
22993,1725	4,2956
23013,1863	4,2953
23033,2003	4,2959
23053,2138	4,2956
23073,2276	4,2959
23093,2413	4,2956
23113,2550	4,2959
23133,2694	4,2959
23153,2825	4,2959
23173,2963	4,2959
23193,3100	4,2962
23213,3238	4,2962
23233,3375	4,2962
23253,3513	4,2962
23273,3649	4,2965
23293,3786	4,2965
23313,3924	4,2962
23333,4063	4,2965
23353,4200	4,2965
23373,4337	4,2965
23393,4475	4,2968
23413,4614	4,2968
23433,4749	4,2968
23453,4886	4,2968
23473,5024	4,2968
23493,5161	4,2965
23513,5299	4,2968
23533,5436	4,2968
23553,5573	4,2968
23573,5711	4,2971
23593,5850	4,2971
23613,5986	4,2971
23633,6123	4,2971
23653,6260	4,2971
23673,6398	4,2971
23693,6536	4,2975
23713,6673	4,2978
23733,6810	4,2975
23753,6949	4,2978
23773,7086	4,2978
23793,7223	4,2975
23813,7360	4,2975
23833,7497	4,2978
23853,7634	4,2978
23873,7773	4,2978
23893,7909	4,2978
23913,8047	4,2978
23933,8184	4,2981
23953,8322	4,2981
23973,8459	4,2978
23993,8596	4,2981
24013,8734	4,2981
24033,8873	4,2981
24053,9009	4,2981
24073,9147	4,2978
24093,9284	4,2984
24113,9421	4,2984
24133,9558	4,2984
24153,9697	4,2987
24173,9833	4,2987
24193,9972	4,2990
24214,0108	4,2984
24234,0246	4,2984
24254,0383	4,2987
24274,0521	4,2990
24294,0658	4,2984
24314,0795	4,2987
24334,0934	4,2987
24354,1070	4,2990
24374,1208	4,2987
24394,1345	4,2987
24414,1482	4,2990
24434,1619	4,2990
24454,1757	4,2990
24474,1894	4,2990
24494,2033	4,2990
24514,2169	4,2990
24534,2307	4,2990
24554,2444	4,2993
24574,2582	4,2993
24594,2719	4,2993
24614,2857	4,2996
24634,2993	4,2993
24654,3131	4,2996
24674,3268	4,2993
24694,3406	4,2999
24714,3544	4,2996
24734,3681	4,2999
24754,3820	4,2999
24774,3956	4,3002
24794,4093	4,2999
24814,4230	4,3002
24834,4369	4,3002
24854,4506	4,2999
24874,4642	4,3002
24894,4781	4,3005
24914,4918	4,3005
24934,5055	4,2999
24954,5191	4,2999
24974,5330	4,3002
24994,5470	4,3005
25014,5606	4,3005
25034,5742	4,3005
25054,5883	4,3005
25074,6018	4,3005
25094,6155	4,3009
25114,6291	4,3005
25134,6429	4,3005
25154,6566	4,3009
25174,6705	4,3009
25194,6842	4,3012
25214,6979	4,3012
25234,7116	4,3012
25254,7254	4,3009
25274,7391	4,3012
25294,7529	4,3009
25314,7666	4,3015
25334,7803	4,3015
25354,7941	4,3018
25374,8078	4,3015
25394,8216	4,3015
25414,8353	4,3015
25434,8490	4,3018
25454,8628	4,3015
25474,8765	4,3015
25494,8903	4,3021
25514,9040	4,3018
25534,9179	4,3021
25554,9316	4,3018
25574,9453	4,3024
25594,9590	4,3021
25614,9726	4,3024
25634,9866	4,3024
25655,0002	4,3027
25675,0140	4,3024
25695,0277	4,3027
25715,0415	4,3027
25735,0551	4,3030
25755,0689	4,3027
25775,0826	4,3027
25795,0964	4,3027
25815,1102	4,3030
25835,1242	4,3030
25855,1377	4,3030
25875,1514	4,3030
25895,1651	4,3030
25915,1788	4,3033
25935,1926	4,3036
25955,2063	4,3033
25975,2201	4,3033
25995,2338	4,3033
26015,2476	4,3036
26035,2613	4,3036
26055,2751	4,3036
26075,2889	4,3036
26095,3025	4,3036
26115,3164	4,3039
26135,3301	4,3039
26155,3438	4,3039
26175,3575	4,3036
26195,3714	4,3039
26215,3849	4,3039
26235,3987	4,3039
26255,4124	4,3043
26275,4262	4,3043
26295,4401	4,3046
26315,4537	4,3039
26335,4675	4,3043
26355,4815	4,3043
26375,4950	4,3043
26395,5086	4,3046
26415,5224	4,3043
26435,5362	4,3046
26455,5498	4,3046
26475,5637	4,3049
26495,5774	4,3049
26515,5910	4,3043
26535,6048	4,3049
26555,6186	4,3052
26575,6324	4,3046
26595,6461	4,3052
26615,6598	4,3052
26635,6736	4,3049
26655,6873	4,3052
26675,7011	4,3052
26695,7147	4,3052
26715,7286	4,3052
26735,7423	4,3055
26755,7560	4,3055
26775,7698	4,3055
26795,7835	4,3055
26815,7972	4,3058
26835,8110	4,3055
26855,8247	4,3058
26875,8385	4,3061
26895,8523	4,3058
26915,8660	4,3058
26935,8797	4,3058
26955,8935	4,3061
26975,9073	4,3061
26995,9209	4,3061
27015,9346	4,3064
27035,9485	4,3064
27055,9622	4,3064
27075,9759	4,3064
27095,9895	4,3064
27116,0034	4,3064
27136,0172	4,3064
27156,0308	4,3067
27176,0446	4,3067
27196,0584	4,3070
27216,0721	4,3070
27236,0858	4,3073
27256,0996	4,3070
27276,1134	4,3070
27296,1270	4,3070
27316,1408	4,3070
27336,1545	4,3073
27356,1683	4,3073
27376,1821	4,3073
27396,1957	4,3073
27416,2095	4,3073
27436,2232	4,3073
27456,2372	4,3073
27476,2507	4,3077
27496,2645	4,3077
27516,2783	4,3077
27536,2919	4,3077
27556,3057	4,3077
27576,3194	4,3083
27596,3331	4,3080
27616,3469	4,3083
27636,3606	4,3083
27656,3745	4,3083
27676,3882	4,3086
27696,4019	4,3083
27716,4156	4,3083
27736,4294	4,3083
27756,4431	4,3086
27776,4568	4,3086
27796,4706	4,3086
27816,4844	4,3089
27836,4981	4,3089
27856,5118	4,3089
27876,5256	4,3089
27896,5394	4,3092
27916,5530	4,3089
27936,5669	4,3089
27956,5810	4,3089
27976,5944	4,3092
27996,6080	4,3092
28016,6217	4,3095
28036,6355	4,3092
28056,6493	4,3095
28076,6629	4,3098
28096,6767	4,3095
28116,6905	4,3095
28136,7043	4,3095
28156,7179	4,3095
28176,7317	4,3095
28196,7454	4,3098
28216,7592	4,3101
28236,7730	4,3101
28256,7866	4,3101
28276,8005	4,3101
28296,8142	4,3101
28316,8279	4,3101
28336,8417	4,3104
28356,8554	4,3104
28376,8691	4,3101
28396,8829	4,3104
28416,8966	4,3104
28436,9103	4,3104
28456,9240	4,3111
28476,9378	4,3111
28496,9515	4,3111
28516,9654	4,3111
28536,9791	4,3111
28556,9927	4,3111
28577,0065	4,3107
28597,0203	4,3111
28617,0341	4,3111
28637,0477	4,3114
28657,0614	4,3114
28677,0752	4,3111
28697,0889	4,3114
28717,1027	4,3114
28737,1165	4,3114
28757,1302	4,3114
28777,1441	4,3117
28797,1579	4,3117
28817,1715	4,3114
28837,1851	4,3117
28857,1989	4,3117
28877,2126	4,3120
28897,2264	4,3120
28917,2402	4,3117
28937,2538	4,3120
28957,2678	4,3126
28977,2813	4,3123
28997,2951	4,3123
29017,3089	4,3123
29037,3226	4,3123
29057,3363	4,3123
29077,3501	4,3126
29097,3638	4,3126
29117,3776	4,3126
29137,3913	4,3126
29157,4050	4,3129
29177,4187	4,3129
29197,4325	4,3126
29217,4463	4,3129
29237,4600	4,3132
29257,4737	4,3129
29277,4876	4,3132
29297,5013	4,3126
29317,5150	4,3129
29337,5287	4,3129
29357,5425	4,3132
29377,5562	4,3132
29397,5699	4,3135
29417,5837	4,3132
29437,5980	4,3135
29457,6112	4,3135
29477,6251	4,3135
29497,6386	4,3135
29517,6524	4,3135
29537,6661	4,3135
29557,6799	4,3132
29577,6936	4,3135
29597,7074	4,3138
29617,7211	4,3138
29637,7348	4,3138
29657,7486	4,3135
29677,7623	4,3138
29697,7761	4,3138
29717,7898	4,3141
29737,8035	4,3138
29757,8173	4,3138
29777,8310	4,3144
29797,8448	4,3141
29817,8586	4,3141
29837,8724	4,3144
29857,8859	4,3141
29877,8998	4,3148
29897,9134	4,3144
29917,9272	4,3141
29937,9409	4,3141
29957,9547	4,3148
29977,9685	4,3151
29997,9822	4,3148
30017,9959	4,3151
30038,0097	4,3151
30058,0234	4,3154
30078,0372	4,3154
30098,0510	4,3151
30118,0647	4,3151
30138,0784	4,3154
30158,0922	4,3157
30178,1059	4,3154
30198,1196	4,3154
30218,1333	4,3157
30238,1471	4,3157
30258,1608	4,3157
30278,1747	4,3157
30298,1883	4,3154
30318,2021	4,3157
30338,2158	4,3160
30358,2296	4,3157
30378,2433	4,3160
30398,2571	4,3160
30418,2708	4,3160
30438,2845	4,3160
30458,2983	4,3160
30478,3120	4,3160
30498,3258	4,3160
30518,3395	4,3160
30538,3532	4,3166
30558,3670	4,3163
30578,3808	4,3163
30598,3945	4,3166
30618,4081	4,3163
30638,4219	4,3166
30658,4358	4,3166
30678,4494	4,3166
30698,4631	4,3166
30718,4769	4,3166
30738,4906	4,3166
30758,5044	4,3169
30778,5181	4,3172
30798,5318	4,3172
30818,5456	4,3172
30838,5595	4,3172
30858,5731	4,3169
30878,5868	4,3172
30898,6006	4,3172
30918,6143	4,3175
30938,6280	4,3175
30958,6419	4,3175
30978,6555	4,3175
30998,6693	4,3175
31018,6830	4,3175
31038,6967	4,3175
31058,7105	4,3178
31078,7242	4,3182
31098,7380	4,3178
31118,7517	4,3178
31138,7655	4,3178
31158,7793	4,3182
31178,7929	4,3182
31198,8067	4,3182
31218,8205	4,3182
31238,8343	4,3182
31258,8479	4,3185
31278,8616	4,3182
31298,8754	4,3185
31318,8892	4,3185
31338,9029	4,3182
31358,9168	4,3185
31378,9303	4,3182
31398,9444	4,3185
31418,9579	4,3185
31438,9715	4,3188
31458,9853	4,3188
31478,9991	4,3188
31499,0129	4,3185
31519,0266	4,3188
31539,0403	4,3188
31559,0543	4,3188
31579,0679	4,3188
31599,0815	4,3191
31619,0953	4,3191
31639,1091	4,3191
31659,1227	4,3194
31679,1365	4,3194
31699,1502	4,3194
31719,1641	4,3191
31739,1777	4,3194
31759,1914	4,3194
31779,2053	4,3197
31799,2189	4,3191
31819,2326	4,3197
31839,2464	4,3197
31859,2603	4,3203
31879,2740	4,3197
31899,2876	4,3194
31919,3014	4,3197
31939,3151	4,3200
31959,3290	4,3200
31979,3426	4,3200
31999,3563	4,3200
32019,3701	4,3200
32039,3839	4,3203
32059,3976	4,3200
32079,4114	4,3200
32099,4250	4,3203
32119,4388	4,3203
32139,4528	4,3203
32159,4663	4,3203
32179,4801	4,3203
32199,4938	4,3203
32219,5076	4,3206
32239,5213	4,3203
32259,5351	4,3206
32279,5487	4,3206
32299,5625	4,3206
32319,5762	4,3206
32339,5900	4,3209
32359,6037	4,3212
32379,6175	4,3206
32399,6312	4,3209
32419,6450	4,3209
32439,6587	4,3209
32459,6724	4,3209
32479,6861	4,3209
32499,6999	4,3209
32519,7136	4,3216
32539,7274	4,3209
32559,7412	4,3212
32579,7548	4,3209
32599,7686	4,3209
32619,7824	4,3209
32639,7961	4,3212
32659,8099	4,3212
32679,8236	4,3212
32699,8377	4,3216
32719,8512	4,3219
32739,8648	4,3212
32759,8785	4,3216
32779,8923	4,3219
32799,9061	4,3219
32819,9198	4,3219
32839,9335	4,3216
32859,9475	4,3219
32879,9611	4,3219
32899,9747	4,3222
32919,9884	4,3219
32940,0023	4,3222
32960,0159	4,3222
32980,0298	4,3222
33000,0434	4,3219
33020,0573	4,3222
33040,0709	4,3225
33060,0847	4,3225
33080,0984	4,3225
33100,1121	4,3225
33120,1259	4,3228
33140,1396	4,3225
33160,1534	4,3225
33180,1671	4,3225
33200,1809	4,3225
33220,1946	4,3228
33240,2083	4,3225
33260,2222	4,3225
33280,2358	4,3228
33300,2496	4,3228
33320,2633	4,3228
33340,2770	4,3228
33360,2908	4,3228
33380,3045	4,3228
33400,3183	4,3228
33420,3320	4,3231
33440,3458	4,3231
33460,3595	4,3231
33480,3733	4,3231
33500,3870	4,3231
33520,4007	4,3228
33540,4145	4,3231
33560,4283	4,3234
33580,4419	4,3231
33600,4557	4,3234
33620,4694	4,3234
33640,4832	4,3234
33660,4969	4,3231
33680,5107	4,3234
33700,5244	4,3234
33720,5382	4,3237
33740,5519	4,3237
33760,5656	4,3237
33780,5794	4,3237
33800,5931	4,3237
33820,6068	4,3237
33840,6206	4,3240
33860,6344	4,3237
33880,6480	4,3237
33900,6618	4,3237
33920,6755	4,3237
33940,6896	4,3237
33960,7031	4,3237
33980,7168	4,3240
34000,7305	4,3237
34020,7443	4,3240
34040,7581	4,3240
34060,7718	4,3240
34080,7854	4,3240
34100,7994	4,3243
34120,8130	4,3243
34140,8268	4,3240
34160,8407	4,3243
34180,8542	4,3240
34200,8681	4,3243
34220,8817	4,3246
34240,8955	4,3243
34260,9092	4,3243
34280,9229	4,3246
34300,9367	4,3246
34320,9504	4,3246
34340,9641	4,3246
34360,9779	4,3243
34380,9916	4,3246
34401,0054	4,3246
34421,0193	4,3246
34441,0328	4,3246
34461,0466	4,3246
34481,0603	4,3250
34501,0741	4,3250
34521,0878	4,3250
34541,1016	4,3250
34561,1154	4,3250
34581,1291	4,3246
34601,1428	4,3250
34621,1566	4,3250
34641,1703	4,3253
34661,1840	4,3253
34681,1977	4,3253
34701,2115	4,3253
34721,2252	4,3253
34741,2391	4,3253
34761,2527	4,3256
34781,2665	4,3253
34801,2802	4,3256
34821,2939	4,3256
34841,3078	4,3253
34861,3215	4,3256
34881,3351	4,3256
34901,3490	4,3259
34921,3626	4,3256
34941,3764	4,3256
34961,3901	4,3256
34981,4039	4,3259
35001,4176	4,3259
35021,4314	4,3259
35041,4451	4,3259
35061,4588	4,3259
35081,4726	4,3262
35101,4863	4,3259
35121,5000	4,3262
35141,5138	4,3262
35161,5278	4,3262
35181,5413	4,3262
35201,5550	4,3262
35221,5688	4,3262
35241,5825	4,3262
35261,5963	4,3262
35281,6100	4,3265
35301,6238	4,3262
35321,6376	4,3262
35341,6512	4,3268
35361,6649	4,3265
35381,6787	4,3268
35401,6926	4,3262
35421,7062	4,3265
35441,7199	4,3268
35461,7340	4,3268
35481,7475	4,3268
35501,7612	4,3271
35521,7749	4,3271
35541,7886	4,3271
35561,8025	4,3268
35581,8161	4,3268
35601,8299	4,3268
35621,8436	4,3274
35641,8574	4,3271
35661,8711	4,3274
35681,8849	4,3271
35701,8986	4,3268
35721,9123	4,3271
35741,9261	4,3274
35761,9398	4,3274
35781,9536	4,3271
35801,9672	4,3274
35821,9810	4,3274
35841,9948	4,3274
35862,0086	4,3274
35882,0222	4,3274
35902,0359	4,3274
35922,0498	4,3274
35942,0634	4,3274
35962,0772	4,3277
35982,0910	4,3274
36002,1048	4,3280
36022,1183	4,3277
36042,1321	4,3277
36062,1460	4,3277
36082,1597	4,3280
36102,1734	4,3277
36122,1871	4,3277
36142,2009	4,3277
36162,2148	4,3284
36182,2284	4,3277
36202,2422	4,3277
36222,2560	4,3280
36242,2696	4,3280
36262,2833	4,3277
36282,2971	4,3280
36302,3109	4,3277
36322,3246	4,3284
36342,3383	4,3280
36362,3521	4,3280
36382,3659	4,3280
36402,3796	4,3284
36422,3933	4,3280
36442,4071	4,3280
36462,4209	4,3280
36482,4345	4,3284
36502,4482	4,3284
36522,4621	4,3284
36542,4757	4,3284
36562,4895	4,3284
36582,5033	4,3284
36602,5170	4,3284
36622,5308	4,3287
36642,5445	4,3287
36662,5583	4,3287
36682,5719	4,3287
36702,5857	4,3287
36722,5994	4,3287
36742,6132	4,3287
36762,6272	4,3287
36782,6407	4,3287
36802,6544	4,3287
36822,6681	4,3290
36842,6819	4,3290
36862,6956	4,3290
36882,7094	4,3290
36902,7232	4,3287
36922,7369	4,3287
36942,7506	4,3287
36962,7643	4,3287
36982,7781	4,3284
37002,7919	4,3287
37022,8056	4,3290
37042,8193	4,3287
37062,8330	4,3290
37082,8468	4,3290
37102,8605	4,3290
37122,8742	4,3293
37142,8880	4,3296
37162,9018	4,3293
37182,9155	4,3293
37202,9292	4,3299
37222,9430	4,3299
37242,9567	4,3296
37262,9704	4,3296
37282,9841	4,3299
37302,9980	4,3299
37323,0117	4,3302
37343,0255	4,3299
37363,0393	4,3299
37383,0529	4,3299
37403,0666	4,3299
37423,0804	4,3302
37443,0941	4,3302
37463,1079	4,3302
37483,1216	4,3302
37503,1353	4,3305
37523,1491	4,3305
37543,1629	4,3302
37563,1766	4,3305
37583,1904	4,3305
37603,2040	4,3305
37623,2178	4,3302
37643,2315	4,3302
37663,2453	4,3302
37683,2590	4,3305
37703,2728	4,3308
37723,2865	4,3305
37743,3003	4,3305
37763,3140	4,3308
37783,3277	4,3308
37803,3414	4,3308
37823,3552	4,3308
37843,3690	4,3308
37863,3827	4,3305
37883,3965	4,3311
37903,4102	4,3308
37923,4240	4,3308
37943,4377	4,3311
37963,4515	4,3311
37983,4652	4,3311
38003,4789	4,3308
38023,4927	4,3311
38043,5063	4,3308
38063,5203	4,3311
38083,5339	4,3311
38103,5476	4,3311
38123,5613	4,3311
38143,5751	4,3314
38163,5889	4,3318
38183,6027	4,3314
38203,6163	4,3314
38223,6301	4,3311
38243,6439	4,3314
38263,6575	4,3318
38283,6713	4,3314
38303,6851	4,3318
38323,6988	4,3318
38343,7125	4,3314
38363,7262	4,3318
38383,7399	4,3318
38403,7537	4,3318
38423,7675	4,3318
38443,7812	4,3321
38463,7950	4,3318
38483,8087	4,3318
38503,8224	4,3321
38523,8361	4,3318
38543,8499	4,3321
38563,8637	4,3321
38583,8774	4,3318
38603,8912	4,3321
38623,9049	4,3321
38643,9187	4,3321
38663,9324	4,3321
38683,9461	4,3324
38703,9599	4,3321
38723,9736	4,3321
38743,9873	4,3321
38764,0012	4,3321
38784,0148	4,3321
38804,0285	4,3324
38824,0423	4,3324
38844,0560	4,3327
38864,0698	4,3324
38884,0835	4,3324
38904,0973	4,3327
38924,1110	4,3327
38944,1247	4,3324
38964,1385	4,3327
38984,1522	4,3327
39004,1659	4,3327
39024,1797	4,3330
39044,1935	4,3327
39064,2072	4,3327
39084,2209	4,3327
39104,2347	4,3330
39124,2485	4,3327
39144,2622	4,3333
39164,2758	4,3330
39184,2896	4,3330
39204,3035	4,3330
39224,3171	4,3330
39244,3310	4,3333
39264,3446	4,3333
39284,3584	4,3333
39304,3721	4,3333
39324,3859	4,3333
39344,3996	4,3336
39364,4137	4,3333
39384,4271	4,3336
39404,4409	4,3336
39424,4546	4,3336
39444,4683	4,3333
39464,4821	4,3333
39484,4959	4,3336
39504,5095	4,3339
39524,5232	4,3336
39544,5370	4,3336
39564,5507	4,3339
39584,5645	4,3336
39604,5784	4,3339
39624,5920	4,3336
39644,6057	4,3336
39664,6194	4,3336
39684,6333	4,3336
39704,6469	4,3336
39724,6607	4,3339
39744,6744	4,3339
39764,6883	4,3339
39784,7019	4,3339
39804,7156	4,3342
39824,7294	4,3339
39844,7432	4,3339
39864,7569	4,3339
39884,7706	4,3342
39904,7845	4,3342
39924,7981	4,3342
39944,8120	4,3342
39964,8256	4,3342
39984,8393	4,3342
40004,8531	4,3342
40024,8668	4,3345
40044,8806	4,3345
40064,8944	4,3345
40084,9081	4,3345
40104,9218	4,3342
40124,9355	4,3345
40144,9493	4,3345
40164,9630	4,3345
40184,9768	4,3345
40204,9905	4,3348
40225,0043	4,3348
40245,0180	4,3351
40265,0318	4,3348
40285,0454	4,3351
40305,0592	4,3348
40325,0729	4,3348
40345,0867	4,3351
40365,1004	4,3348
40385,1142	4,3351
40405,1279	4,3348
40425,1417	4,3351
40445,1555	4,3355
40465,1691	4,3355
40485,1828	4,3355
40505,1966	4,3355
40525,2104	4,3358
40545,2241	4,3358
40565,2378	4,3355
40585,2516	4,3355
40605,2653	4,3355
40625,2790	4,3355
40645,2928	4,3358
40665,3066	4,3358
40685,3203	4,3355
40705,3341	4,3358
40725,3478	4,3358
40745,3617	4,3358
40765,3752	4,3358
40785,3890	4,3361
40805,4029	4,3361
40825,4165	4,3361
40845,4302	4,3358
40865,4440	4,3358
40885,4578	4,3361
40905,4715	4,3361
40925,4852	4,3361
40945,4990	4,3361
40965,5127	4,3361
40985,5264	4,3361
41005,5402	4,3361
41025,5540	4,3361
41045,5677	4,3361
41065,5814	4,3364
41085,5951	4,3364
41105,6088	4,3364
41125,6227	4,3364
41145,6364	4,3361
41165,6501	4,3364
41185,6638	4,3361
41205,6776	4,3367
41225,6913	4,3364
41245,7051	4,3367
41265,7189	4,3364
41285,7329	4,3364
41305,7463	4,3364
41325,7600	4,3367
41345,7738	4,3367
41365,7875	4,3367
41385,8012	4,3364
41405,8150	4,3367
41425,8287	4,3367
41445,8425	4,3367
41465,8563	4,3367
41485,8700	4,3373
41505,8837	4,3367
41525,8975	4,3370
41545,9112	4,3370
41565,9249	4,3373
41585,9386	4,3370
41605,9524	4,3373
41625,9662	4,3373
41645,9799	4,3373
41665,9936	4,3373
41686,0074	4,3373
41706,0211	4,3373
41726,0350	4,3376
41746,0486	4,3376
41766,0624	4,3376
41786,0761	4,3376
41806,0898	4,3376
41826,1036	4,3376
41846,1174	4,3376
41866,1311	4,3373
41886,1448	4,3379
41906,1585	4,3379
41926,1722	4,3376
41946,1860	4,3376
41966,2001	4,3379
41986,2135	4,3376
42006,2273	4,3376
42026,2412	4,3379
42046,2548	4,3379
42066,2684	4,3379
42086,2822	4,3379
42106,2960	4,3379
42126,3097	4,3382
42146,3234	4,3379
42166,3372	4,3376
42186,3509	4,3382
42206,3648	4,3382
42226,3784	4,3385
42246,3922	4,3382
42266,4059	4,3382
42286,4195	4,3382
42306,4336	4,3382
42326,4471	4,3385
42346,4609	4,3382
42366,4746	4,3385
42386,4884	4,3382
42406,5020	4,3385
42426,5158	4,3385
42446,5295	4,3385
42466,5433	4,3385
42486,5570	4,3382
42506,5708	4,3385
42526,5846	4,3389
42546,5986	4,3385
42566,6121	4,3389
42586,6258	4,3389
42606,6395	4,3389
42626,6532	4,3385
42646,6670	4,3389
42666,6808	4,3389
42686,6945	4,3389
42706,7083	4,3389
42726,7219	4,3392
42746,7358	4,3389
42766,7494	4,3389
42786,7631	4,3389
42806,7770	4,3389
42826,7906	4,3395
42846,8044	4,3392
42866,8181	4,3392
42886,8320	4,3392
42906,8456	4,3392
42926,8593	4,3392
42946,8730	4,3395
42966,8869	4,3392
42986,9006	4,3395
43006,9145	4,3398
43026,9282	4,3395
43046,9419	4,3395
43066,9555	4,3395
43086,9693	4,3395
43106,9831	4,3395
43126,9968	4,3395
43147,0105	4,3398
43167,0242	4,3398
43187,0380	4,3398
43207,0519	4,3398
43227,0654	4,3398
43247,0792	4,3398
43267,0933	4,3398
43287,1067	4,3398
43307,1205	4,3398
43327,1343	4,3401
43347,1480	4,3401
43367,1616	4,3398
43387,1754	4,3401
43407,1892	4,3401
43427,2028	4,3401
43447,2166	4,3401
43467,2304	4,3401
43487,2441	4,3401
43507,2580	4,3404
43527,2716	4,3404
43547,2853	4,3404
43567,2991	4,3401
43587,3129	4,3404
43607,3266	4,3404
43627,3403	4,3401
43647,3542	4,3404
43667,3678	4,3404
43687,3815	4,3407
43707,3953	4,3404
43727,4090	4,3404
43747,4228	4,3410
43767,4365	4,3404
43787,4503	4,3404
43807,4640	4,3407
43827,4778	4,3404
43847,4914	4,3407
43867,5052	4,3404
43887,5191	4,3407
43907,5327	4,3410
43927,5464	4,3407
43947,5602	4,3407
43967,5740	4,3410
43987,5877	4,3407
44007,6014	4,3410
44027,6151	4,3410
44047,6290	4,3413
44067,6427	4,3410
44087,6564	4,3413
44107,6701	4,3407
44127,6839	4,3410
44147,6976	4,3413
44167,7114	4,3413
44187,7252	4,3413
44207,7389	4,3410
44227,7526	4,3410
44247,7663	4,3413
44267,7801	4,3410
44287,7938	4,3413
44307,8076	4,3413
44327,8213	4,3410
44347,8352	4,3413
44367,8488	4,3416
44387,8624	4,3413
44407,8763	4,3413
44427,8900	4,3416
44447,9037	4,3416
44467,9175	4,3419
44487,9313	4,3416
44507,9449	4,3416
44527,9587	4,3419
44547,9724	4,3419
44567,9864	4,3413
44587,9999	4,3419
44608,0137	4,3419
44628,0275	4,3419
44648,0412	4,3423
44668,0549	4,3423
44688,0687	4,3419
44708,0825	4,3423
44728,0963	4,3423
44748,1098	4,3423
44768,1236	4,3423
44788,1374	4,3423
44808,1510	4,3426
44828,1648	4,3426
44848,1787	4,3426
44868,1923	4,3429
44888,2061	4,3423
44908,2199	4,3426
44928,2336	4,3429
44948,2474	4,3426
44968,2611	4,3429
44988,2750	4,3426
45008,2885	4,3429
45028,3023	4,3426
45048,3160	4,3429
45068,3298	4,3429
45088,3435	4,3429
45108,3572	4,3429
45128,3710	4,3429
45148,3847	4,3429
45168,3987	4,3426
45188,4123	4,3432
45208,4259	4,3432
45228,4396	4,3429
45248,4534	4,3432
45268,4672	4,3432
45288,4809	4,3432
45308,4946	4,3435
45328,5085	4,3432
45348,5223	4,3435
45368,5359	4,3435
45388,5496	4,3429
45408,5634	4,3435
45428,5770	4,3435
45448,5908	4,3435
45468,6048	4,3435
45488,6183	4,3438
45508,6320	4,3438
45528,6458	4,3435
45548,6596	4,3438
45568,6733	4,3435
45588,6870	4,3438
45608,7009	4,3438
45628,7146	4,3438
45648,7283	4,3438
45668,7421	4,3441
45688,7557	4,3441
45708,7696	4,3438
45728,7832	4,3438
45748,7970	4,3444
45768,8107	4,3444
45788,8244	4,3444
45808,8382	4,3444
45828,8519	4,3441
45848,8657	4,3444
45868,8797	4,3444
45888,8932	4,3447
45908,9069	4,3447
45928,9206	4,3441
45948,9344	4,3444
45968,9482	4,3447
45988,9619	4,3447
46008,9756	4,3447
46028,9894	4,3450
46049,0031	4,3447
46069,0169	4,3447
46089,0306	4,3450
46109,0443	4,3447
46129,0580	4,3447
46149,0718	4,3450
46169,0855	4,3447
46189,0993	4,3450
46209,1130	4,3450
46229,1267	4,3453
46249,1405	4,3453
46269,1543	4,3453
46289,1681	4,3453
46309,1818	4,3453
46329,1954	4,3450
46349,2093	4,3457
46369,2230	4,3453
46389,2367	4,3453
46409,2504	4,3457
46429,2641	4,3453
46449,2780	4,3457
46469,2917	4,3457
46489,3055	4,3457
46509,3192	4,3460
46529,3329	4,3457
46549,3466	4,3460
46569,3603	4,3457
46589,3741	4,3460
46609,3879	4,3460
46629,4015	4,3460
46649,4160	4,3460
46669,4291	4,3463
46689,4428	4,3457
46709,4566	4,3457
46729,4703	4,3460
46749,4840	4,3457
46769,4978	4,3460
46789,5115	4,3460
46809,5253	4,3457
46829,5390	4,3463
46849,5528	4,3460
46869,5665	4,3460
46889,5802	4,3460
46909,5940	4,3460
46929,6077	4,3463
46949,6215	4,3460
46969,6352	4,3466
46989,6489	4,3466
47009,6628	4,3463
47029,6765	4,3463
47049,6902	4,3466
47069,7039	4,3466
47089,7176	4,3469
47109,7314	4,3469
47129,7451	4,3469
47149,7588	4,3469
47169,7730	4,3466
47189,7864	4,3469
47209,8000	4,3472
47229,8139	4,3472
47249,8276	4,3469
47269,8413	4,3472
47289,8551	4,3472
47309,8688	4,3472
47329,8827	4,3472
47349,8962	4,3472
47369,9100	4,3469
47389,9238	4,3475
47409,9375	4,3475
47429,9513	4,3475
47449,9650	4,3475
47469,9787	4,3478
47489,9926	4,3475
47510,0062	4,3475
47530,0200	4,3478
47550,0337	4,3475
47570,0474	4,3478
47590,0612	4,3475
47610,0749	4,3478
47630,0888	4,3481
47650,1024	4,3481
47670,1161	4,3478
47690,1301	4,3481
47710,1437	4,3481
47730,1574	4,3481
47750,1712	4,3478
47770,1849	4,3478
47790,1987	4,3481
47810,2124	4,3484
47830,2261	4,3484
47850,2398	4,3484
47870,2537	4,3484
47890,2674	4,3484
47910,2810	4,3484
47930,2948	4,3484
47950,3086	4,3487
47970,3223	4,3487
47990,3361	4,3487
48010,3498	4,3484
48030,3635	4,3484
48050,3773	4,3484
48070,3910	4,3487
48090,4048	4,3487
48110,4185	4,3491
48130,4322	4,3484
48150,4460	4,3484
48170,4597	4,3487
48190,4734	4,3491
48210,4872	4,3484
48230,5009	4,3484
48250,5147	4,3487
48270,5284	4,3487
48290,5421	4,3487
48310,5559	4,3487
48330,5696	4,3494
48350,5834	4,3494
48370,5971	4,3491
48390,6109	4,3491
48410,6248	4,3491
48430,6384	4,3491
48450,6521	4,3494
48470,6659	4,3494
48490,6796	4,3500
48510,6933	4,3497
48530,7070	4,3497
48550,7209	4,3497
48570,7345	4,3500
48590,7484	4,3500
48610,7621	4,3500
48630,7759	4,3497
48650,7896	4,3497
48670,8033	4,3494
48690,8170	4,3497
48710,8308	4,3500
48730,8444	4,3497
48750,8582	4,3497
48770,8719	4,3497
48790,8858	4,3503
48810,8994	4,3503
48830,9132	4,3500
48850,9269	4,3503
48870,9407	4,3500
48890,9545	4,3503
48910,9682	4,3503
48930,9821	4,3503
48950,9956	4,3503
48971,0093	4,3503
48991,0233	4,3506
49011,0368	4,3506
49031,0506	4,3506
49051,0645	4,3509
49071,0781	4,3512
49091,0919	4,3509
49111,1056	4,3512
49131,1193	4,3512
49151,1330	4,3509
49171,1469	4,3512
49191,1606	4,3512
49211,1742	4,3509
49231,1880	4,3512
49251,2018	4,3512
49271,2155	4,3515
49291,2292	4,3518
49311,2430	4,3515
49331,2568	4,3518
49351,2706	4,3515
49371,2842	4,3518
49391,2980	4,3518
49411,3117	4,3518
49431,3254	4,3515
49451,3392	4,3518
49471,3530	4,3518
49491,3667	4,3518
49511,3804	4,3521
49531,3942	4,3521
49551,4079	4,3518
49571,4217	4,3518
49591,4354	4,3518
49611,4492	4,3521
49631,4628	4,3521
49651,4766	4,3521
49671,4903	4,3524
49691,5041	4,3518
49711,5179	4,3521
49731,5315	4,3518
49751,5453	4,3521
49771,5590	4,3521
49791,5728	4,3521
49811,5866	4,3524
49831,6003	4,3524
49851,6141	4,3524
49871,6278	4,3528
49891,6415	4,3521
49911,6553	4,3524
49931,6691	4,3524
49951,6827	4,3524
49971,6965	4,3528
49991,7102	4,3528
50011,7240	4,3524
50031,7377	4,3524
50051,7515	4,3528
50071,7652	4,3524
50091,7789	4,3524
50111,7927	4,3528
50131,8065	4,3528
50151,8202	4,3528
50171,8339	4,3528
50191,8477	4,3531
50211,8613	4,3531
50231,8753	4,3534
50251,8889	4,3531
50271,9026	4,3531
50291,9164	4,3540
50311,9301	4,3537
50331,9438	4,3537
50351,9577	4,3534
50371,9713	4,3534
50391,9851	4,3534
50411,9988	4,3537
50432,0125	4,3537
50452,0263	4,3534
50472,0401	4,3537
50492,0537	4,3540
50512,0676	4,3543
50532,0812	4,3540
50552,0950	4,3543
50572,1087	4,3540
50592,1225	4,3540
50612,1363	4,3543
50632,1499	4,3543
50652,1637	4,3543
50672,1774	4,3546
50692,1913	4,3543
50712,2049	4,3546
50732,2187	4,3546
50752,2324	4,3546
50772,2462	4,3546
50792,2599	4,3546
50812,2737	4,3549
50832,2874	4,3549
50852,3012	4,3549
50872,3149	4,3549
50892,3286	4,3546
50912,3423	4,3552
50932,3561	4,3549
50952,3698	4,3555
50972,3835	4,3552
50992,3973	4,3555
51012,4110	4,3552
51032,4247	4,3555
51052,4385	4,3555
51072,4523	4,3552
51092,4660	4,3555
51112,4797	4,3555
51132,4935	4,3555
51152,5073	4,3558
51172,5210	4,3555
51192,5348	4,3562
51212,5484	4,3558
51232,5623	4,3558
51252,5759	4,3558
51272,5896	4,3558
51292,6034	4,3558
51312,6173	4,3558
51332,6309	4,3558
51352,6447	4,3558
51372,6584	4,3562
51392,6721	4,3565
51412,6858	4,3562
51432,6997	4,3562
51452,7134	4,3565
51472,7272	4,3562
51492,7408	4,3565
51512,7546	4,3565
51532,7687	4,3568
51552,7821	4,3568
51572,7958	4,3568
51592,8095	4,3568
51612,8234	4,3568
51632,8371	4,3568
51652,8508	4,3571
51672,8645	4,3568
51692,8783	4,3568
51712,8920	4,3571
51732,9058	4,3571
51752,9195	4,3571
51772,9333	4,3577
51792,9470	4,3571
51812,9607	4,3571
51832,9744	4,3574
51852,9882	4,3574
51873,0019	4,3574
51893,0156	4,3574
51913,0295	4,3577
51933,0432	4,3574
51953,0569	4,3580
51973,0706	4,3577
51993,0844	4,3577
52013,0982	4,3580
52033,1119	4,3580
52053,1256	4,3580
52073,1395	4,3580
52093,1531	4,3583
52113,1669	4,3580
52133,1806	4,3583
52153,1944	4,3583
52173,2081	4,3583
52193,2218	4,3583
52213,2356	4,3583
52233,2493	4,3583
52253,2631	4,3583
52273,2768	4,3583
52293,2905	4,3586
52313,3043	4,3586
52333,3180	4,3589
52353,3317	4,3586
52373,3455	4,3586
52393,3592	4,3589
52413,3730	4,3589
52433,3867	4,3589
52453,4004	4,3589
52473,4142	4,3589
52493,4279	4,3589
52513,4417	4,3589
52533,4554	4,3592
52553,4692	4,3592
52573,4828	4,3592
52593,4967	4,3599
52613,5105	4,3596
52633,5241	4,3599
52653,5378	4,3599
52673,5516	4,3592
52693,5652	4,3599
52713,5791	4,3602
52733,5928	4,3599
52753,6066	4,3602
52773,6204	4,3605
52793,6340	4,3599
52813,6479	4,3599
52833,6618	4,3605
52853,6752	4,3602
52873,6890	4,3605
52893,7028	4,3605
52913,7165	4,3605
52933,7301	4,3605
52953,7440	4,3602
52973,7577	4,3602
52993,7714	4,3605
53013,7852	4,3608
53033,7990	4,3608
53053,8127	4,3611
53073,8265	4,3608
53093,8403	4,3608
53113,8539	4,3611
53133,8676	4,3608
53153,8815	4,3611
53173,8951	4,3611
53193,9089	4,3611
53213,9227	4,3611
53233,9364	4,3614
53253,9501	4,3611
53273,9639	4,3611
53293,9777	4,3614
53313,9914	4,3617
53334,0051	4,3614
53354,0189	4,3617
53374,0327	4,3617
53394,0463	4,3620
53414,0599	4,3617
53434,0738	4,3617
53454,0876	4,3623
53474,1014	4,3623
53494,1150	4,3620
53514,1288	4,3620
53534,1426	4,3620
53554,1562	4,3620
53574,1700	4,3623
53594,1837	4,3623
53614,1974	4,3623
53634,2112	4,3623
53654,2250	4,3623
53674,2387	4,3626
53694,2524	4,3626
53714,2661	4,3626
53734,2800	4,3626
53754,2938	4,3630
53774,3075	4,3626
53794,3212	4,3626
53814,3349	4,3630
53834,3485	4,3630
53854,3624	4,3630
53874,3762	4,3633
53894,3900	4,3633
53914,4036	4,3633
53934,4174	4,3633
53954,4310	4,3633
53974,4448	4,3636
53994,4586	4,3636
54014,4723	4,3633
54034,4861	4,3639
54054,4999	4,3636
54074,5134	4,3639
54094,5273	4,3636
54114,5411	4,3639
54134,5548	4,3642
54154,5684	4,3639
54174,5823	4,3642
54194,5960	4,3642
54214,6098	4,3642
54234,6235	4,3645
54254,6373	4,3645
54274,6509	4,3645
54294,6647	4,3645
54314,6784	4,3642
54334,6922	4,3645
54354,7059	4,3648
54374,7197	4,3645
54394,7334	4,3648
54414,7472	4,3648
54434,7609	4,3651
54454,7746	4,3657
54474,7884	4,3651
54494,8021	4,3651
54514,8160	4,3654
54534,8296	4,3654
54554,8434	4,3654
54574,8572	4,3654
54594,8708	4,3657
54614,8846	4,3654
54634,8983	4,3654
54654,9121	4,3657
54674,9258	4,3657
54694,9395	4,3660
54714,9533	4,3660
54734,9670	4,3664
54754,9808	4,3664
54774,9945	4,3660
54795,0083	4,3660
54815,0220	4,3664
54835,0357	4,3664
54855,0495	4,3664
54875,0634	4,3667
54895,0769	4,3664
54915,0906	4,3667
54935,1044	4,3667
54955,1182	4,3670
54975,1319	4,3667
54995,1456	4,3670
55015,1594	4,3670
55035,1732	4,3670
55055,1869	4,3673
55075,2006	4,3673
55095,2144	4,3673
55115,2281	4,3673
55135,2419	4,3676
55155,2556	4,3676
55175,2693	4,3679
55195,2830	4,3676
55215,2968	4,3679
55235,3105	4,3679
55255,3243	4,3679
55275,3381	4,3679
55295,3519	4,3682
55315,3655	4,3682
55335,3793	4,3682
55355,3930	4,3685
55375,4068	4,3685
55395,4205	4,3685
55415,4343	4,3679
55435,4483	4,3682
55455,4617	4,3685
55475,4755	4,3682
55495,4893	4,3685
55515,5029	4,3685
55535,5167	4,3685
55555,5305	4,3688
55575,5441	4,3691
55595,5579	4,3691
55615,5716	4,3691
55635,5854	4,3691
55655,5991	4,3694
55675,6129	4,3694
55695,6269	4,3698
55715,6403	4,3698
55735,6541	4,3701
55755,6678	4,3698
55775,6816	4,3701
55795,6954	4,3701
55815,7091	4,3701
55835,7229	4,3704
55855,7366	4,3701
55875,7503	4,3704
55895,7641	4,3707
55915,7778	4,3707
55935,7917	4,3707
55955,8052	4,3707
55975,8191	4,3707
55995,8327	4,3710
56015,8465	4,3707
56035,8603	4,3710
56055,8741	4,3710
56075,8877	4,3713
56095,9014	4,3713
56115,9152	4,3713
56135,9290	4,3713
56155,9427	4,3716
56175,9565	4,3719
56195,9702	4,3719
56215,9839	4,3716
56235,9977	4,3719
56256,0114	4,3719
56276,0251	4,3719
56296,0389	4,3719
56316,0526	4,3722
56336,0663	4,3722
56356,0801	4,3722
56376,0938	4,3725
56396,1076	4,3725
56416,1213	4,3728
56436,1350	4,3725
56456,1488	4,3725
56476,1625	4,3728
56496,1763	4,3728
56516,1901	4,3728
56536,2038	4,3731
56556,2176	4,3731
56576,2312	4,3731
56596,2451	4,3731
56616,2588	4,3735
56636,2725	4,3735
56656,2862	4,3738
56676,3000	4,3735
56696,3137	4,3738
56716,3274	4,3741
56736,3415	4,3744
56756,3550	4,3741
56776,3687	4,3747
56796,3825	4,3744
56816,3963	4,3744
56836,4099	4,3744
56856,4236	4,3747
56876,4374	4,3747
56896,4511	4,3747
56916,4648	4,3750
56936,4786	4,3750
56956,4923	4,3750
56976,5062	4,3750
56996,5198	4,3750
57016,5335	4,3753
57036,5473	4,3753
57056,5610	4,3756
57076,5748	4,3759
57096,5885	4,3756
57116,6023	4,3756
57136,6161	4,3759
57156,6298	4,3756
57176,6435	4,3759
57196,6573	4,3759
57216,6710	4,3759
57236,6847	4,3762
57256,6985	4,3762
57276,7122	4,3765
57296,7260	4,3765
57316,7397	4,3765
57336,7534	4,3769
57356,7672	4,3769
57376,7809	4,3772
57396,7947	4,3772
57416,8084	4,3772
57436,8221	4,3772
57456,8359	4,3778
57476,8497	4,3775
57496,8634	4,3775
57516,8771	4,3778
57536,8909	4,3778
57556,9046	4,3781
57576,9184	4,3778
57596,9322	4,3781
57616,9458	4,3781
57636,9597	4,3784
57656,9734	4,3790
57676,9870	4,3784
57697,0008	4,3784
57717,0145	4,3787
57737,0283	4,3793
57757,0420	4,3790
57777,0557	4,3790
57797,0695	4,3796
57817,0840	4,3793
57837,0970	4,3796
57857,1107	4,3796
57877,1245	4,3796
57897,1382	4,3796
57917,1520	4,3796
57937,1657	4,3799
57957,1795	4,3799
57977,1932	4,3806
57997,2069	4,3806
58017,2208	4,3806
58037,2345	4,3806
58057,2482	4,3812
58077,2619	4,3812
58097,2756	4,3806
58117,2895	4,3806
58137,3031	4,3812
58157,3169	4,3815
58177,3306	4,3815
58197,3443	4,3812
58217,3581	4,3815
58237,3718	4,3815
58257,3856	4,3821
58277,3993	4,3818
58297,4130	4,3818
58317,4268	4,3818
58337,4405	4,3824
58357,4543	4,3824
58377,4680	4,3824
58397,4818	4,3827
58417,4955	4,3827
58437,5092	4,3830
58457,5230	4,3827
58477,5370	4,3830
58497,5505	4,3830
58517,5643	4,3830
58537,5780	4,3830
58557,5916	4,3833
58577,6055	4,3837
58597,6192	4,3837
58617,6329	4,3833
58637,6466	4,3837
58657,6605	4,3840
58677,6741	4,3840
58697,6879	4,3840
58717,7017	4,3843
58737,7154	4,3843
58757,7291	4,3846
58777,7428	4,3846
58797,7566	4,3849
58817,7704	4,3849
58837,7840	4,3849
58857,7979	4,3849
58877,8115	4,3852
58897,8253	4,3852
58917,8390	4,3855
58937,8528	4,3855
58957,8666	4,3858
58977,8803	4,3861
58997,8941	4,3858
59017,9077	4,3858
59037,9215	4,3861
59057,9352	4,3864
59077,9490	4,3861
59097,9627	4,3864
59117,9766	4,3864
59137,9902	4,3867
59158,0040	4,3871
59178,0177	4,3867
59198,0314	4,3874
59218,0452	4,3874
59238,0589	4,3877
59258,0727	4,3874
59278,0864	4,3877
59298,1001	4,3877
59318,1139	4,3877
59338,1278	4,3880
59358,1414	4,3883
59378,1551	4,3883
59398,1689	4,3883
59418,1827	4,3886
59438,1963	4,3889
59458,2101	4,3892
59478,2238	4,3892
59498,2376	4,3892
59518,2513	4,3895
59538,2650	4,3895
59558,2789	4,3895
59578,2925	4,3898
59598,3063	4,3898
59618,3200	4,3901
59638,3338	4,3901
59658,3475	4,3904
59678,3612	4,3904
59698,3750	4,3904
59718,3887	4,3908
59738,4024	4,3908
59758,4161	4,3908
59778,4300	4,3908
59798,4438	4,3911
59818,4574	4,3914
59838,4712	4,3914
59858,4849	4,3917
59878,4987	4,3917
59898,5124	4,3920
59918,5262	4,3920
59938,5398	4,3917
59958,5537	4,3920
59978,5673	4,3926
59998,5811	4,3926
60018,5948	4,3929
60038,6086	4,3929
60058,6223	4,3929
60078,6360	4,3932
60098,6498	4,3932
60118,6634	4,3932
60138,6773	4,3932
60158,6911	4,3938
60178,7046	4,3938
60198,7185	4,3942
60218,7323	4,3938
60238,7461	4,3945
60258,7598	4,3942
60278,7736	4,3945
60298,7871	4,3948
60318,8010	4,3951
60338,8147	4,3948
60358,8283	4,3954
60378,8422	4,3957
60398,8559	4,3954
60418,8695	4,3960
60438,8834	4,3960
60458,8971	4,3957
60478,9108	4,3960
60498,9246	4,3960
60518,9384	4,3963
60538,9520	4,3963
60558,9659	4,3963
60578,9796	4,3966
60598,9932	4,3966
60619,0072	4,3966
60639,0212	4,3972
60659,0344	4,3972
60679,0484	4,3972
60699,0620	4,3976
60719,0757	4,3979
60739,0896	4,3979
60759,1034	4,3979
60779,1169	4,3979
60799,1307	4,3985
60819,1445	4,3982
60839,1581	4,3988
60859,1720	4,3991
60879,1857	4,3988
60899,1993	4,3991
60919,2132	4,3994
60928,7755	4,4000
