t/s	U/V
0,0313	3,3363
0,5616	3,3416
1,1700	3,3468
1,8251	3,3521
2,5428	3,3574
3,2134	3,3626
3,9622	3,3682
4,7422	3,3734
5,5378	3,3787
6,3021	3,3839
7,1444	3,3892
7,9868	3,3944
8,8603	3,3997
9,7183	3,4049
10,6075	3,4102
11,6214	3,4154
12,5418	3,4207
13,5557	3,4259
14,5229	3,4315
15,6460	3,4368
16,6911	3,4420
17,7987	3,4473
18,9218	3,4525
20,0606	3,4578
21,2461	3,4630
22,4472	3,4683
23,6795	3,4735
24,9587	3,4788
26,2222	3,4840
27,5793	3,4893
28,9209	3,4945
30,3404	3,4998
31,7601	3,5050
33,2886	3,5103
34,7706	3,5155
36,3305	3,5208
37,9216	3,5260
39,5284	3,5313
41,1663	3,5365
42,8978	3,5418
44,6917	3,5470
46,4388	3,5523
48,3107	3,5575
50,2762	3,5628
52,2105	3,5681
54,1136	3,5733
56,0635	3,5786
58,2318	3,5838
60,2908	3,5891
62,5840	3,5943
64,9862	3,5996
67,4197	3,6048
70,0091	3,6101
72,8326	3,6153
75,9056	3,6206
79,1972	3,6258
82,5041	3,6311
86,2478	3,6363
90,1009	3,6416
94,2191	3,6468
98,4932	3,6521
102,7674	3,6573
107,2600	3,6626
112,2361	3,6678
117,8050	3,6731
124,0292	3,6783
131,1579	3,6836
141,4378	3,6888
155,5706	3,6941
170,0311	3,6994
183,7739	3,7046
197,4544	3,7099
211,0569	3,7151
225,0650	3,7204
238,5582	3,7256
251,9736	3,7309
265,2952	3,7361
277,0258	3,7414
289,3959	3,7466
301,1265	3,7519
312,4515	3,7571
323,2305	3,7624
334,2280	3,7676
344,6014	3,7729
354,6161	3,7781
364,6307	3,7834
374,1462	3,7886
384,0517	3,7939
393,0523	3,7994
403,0983	3,8047
412,4890	3,8100
422,0981	3,8152
431,3329	3,8205
441,2227	3,8257
451,0970	3,8310
461,2520	3,8362
471,3915	3,8415
481,9522	3,8467
493,1682	3,8520
504,7425	3,8572
517,1283	3,8625
530,0756	3,8677
543,8965	3,8730
558,8405	3,8782
574,2680	3,8835
591,8015	3,8887
610,7860	3,8940
630,7840	3,8992
650,7976	3,9036
670,8114	3,9082
690,8251	3,9122
710,8388	3,9156
730,8526	3,9196
750,8663	3,9227
770,8800	3,9258
790,8939	3,9289
810,9076	3,9317
830,9213	3,9341
850,9350	3,9369
870,9488	3,9391
890,9625	3,9419
910,9763	3,9440
930,9900	3,9459
951,0038	3,9480
971,0175	3,9502
991,0313	3,9521
1011,0450	3,9533
1031,0587	3,9558
1051,0724	3,9576
1071,0862	3,9592
1091,1000	3,9610
1111,1137	3,9626
1131,1274	3,9644
1151,1411	3,9657
1171,1549	3,9678
1191,1686	3,9691
1211,1824	3,9709
1231,1961	3,9725
1251,2099	3,9737
1271,2236	3,9755
1291,2374	3,9771
1311,2511	3,9783
1331,2649	3,9799
1351,2786	3,9811
1371,2923	3,9826
1391,3061	3,9842
1411,3198	3,9854
1431,3335	3,9870
1451,3474	3,9882
1471,3611	3,9894
1491,3748	3,9907
1511,3885	3,9922
1531,4022	3,9935
1551,4160	3,9947
1571,4297	3,9962
1591,4435	3,9975
1611,4572	3,9987
1631,4710	3,9999
1651,4847	4,0009
1671,4986	4,0024
1691,5122	4,0033
1711,5259	4,0046
1731,5397	4,0058
1751,5534	4,0071
1771,5671	4,0080
1791,5809	4,0095
1811,5946	4,0105
1831,6084	4,0114
1851,6221	4,0129
1871,6358	4,0139
1891,6496	4,0148
1911,6634	4,0160
1931,6772	4,0172
1951,6908	4,0182
1971,7046	4,0194
1991,7183	4,0203
2011,7321	4,0213
2031,7459	4,0222
2051,7595	4,0234
2071,7733	4,0244
2091,7870	4,0256
2111,8008	4,0265
2131,8145	4,0274
2151,8283	4,0287
2171,8420	4,0296
2191,8557	4,0305
2211,8695	4,0315
2231,8832	4,0324
2251,8970	4,0336
2271,9107	4,0346
2291,9245	4,0355
2311,9383	4,0364
2331,9519	4,0370
2351,9657	4,0383
2371,9794	4,0395
2391,9932	4,0404
2412,0069	4,0413
2432,0206	4,0423
2452,0343	4,0432
2472,0481	4,0441
2492,0619	4,0454
2512,0756	4,0460
2532,0893	4,0469
2552,1031	4,0478
2572,1168	4,0485
2592,1305	4,0494
2612,1443	4,0503
2632,1580	4,0512
2652,1717	4,0522
2672,1855	4,0531
2692,1992	4,0537
2712,2130	4,0549
2732,2268	4,0552
2752,2407	4,0562
2772,2543	4,0571
2792,2680	4,0580
2812,2817	4,0590
2832,2955	4,0593
2852,3093	4,0605
2872,3229	4,0614
2892,3367	4,0617
2912,3504	4,0627
2932,3642	4,0636
2952,3779	4,0642
2972,3917	4,0651
2992,4054	4,0658
3012,4191	4,0664
3032,4329	4,0670
3052,4466	4,0679
3072,4604	4,0685
3092,4741	4,0685
3112,4879	4,0695
3132,5016	4,0701
3152,5153	4,0707
3172,5291	4,0713
3192,5428	4,0719
3212,5566	4,0722
3232,5703	4,0729
3252,5840	4,0732
3272,5978	4,0741
3292,6115	4,0738
3312,6253	4,0744
3332,6390	4,0747
3352,6527	4,0750
3372,6665	4,0753
3392,6802	4,0756
3412,6940	4,0759
3432,7077	4,0763
3452,7215	4,0763
3472,7352	4,0766
3492,7490	4,0769
3512,7627	4,0772
3532,7764	4,0775
3552,7902	4,0778
3572,8039	4,0781
3592,8176	4,0781
3612,8315	4,0784
3632,8451	4,0790
3652,8589	4,0793
3672,8726	4,0797
3692,8864	4,0800
3712,9001	4,0803
3732,9138	4,0809
3752,9276	4,0812
3772,9413	4,0815
3792,9551	4,0818
3812,9689	4,0821
3832,9826	4,0827
3852,9963	4,0831
3873,0100	4,0840
3893,0238	4,0843
3913,0377	4,0849
3933,0513	4,0858
3953,0650	4,0861
3973,0788	4,0865
3993,0925	4,0874
4013,1062	4,0880
4033,1200	4,0886
4053,1339	4,0892
4073,1476	4,0899
4093,1612	4,0908
4113,1749	4,0911
4133,1887	4,0917
4153,2024	4,0923
4173,2162	4,0929
4193,2299	4,0939
4213,2437	4,0945
4233,2574	4,0948
4253,2711	4,0960
4273,2848	4,0963
4293,2987	4,0970
4313,3124	4,0976
4333,3261	4,0985
4353,3398	4,0991
4373,3536	4,0994
4393,3673	4,1004
4413,3811	4,1010
4433,3948	4,1016
4453,4085	4,1025
4473,4223	4,1031
4493,4361	4,1038
4513,4498	4,1044
4533,4635	4,1050
4553,4773	4,1056
4573,4910	4,1062
4593,5047	4,1068
4613,5185	4,1075
4633,5322	4,1084
4653,5460	4,1087
4673,5597	4,1093
4693,5735	4,1099
4713,5872	4,1109
4733,6010	4,1112
4753,6147	4,1118
4773,6284	4,1130
4793,6422	4,1136
4813,6559	4,1139
4833,6697	4,1149
4853,6834	4,1155
4873,6971	4,1158
4893,7109	4,1164
4913,7246	4,1170
4933,7383	4,1180
4953,7521	4,1186
4973,7658	4,1192
4993,7796	4,1198
5013,7932	4,1204
5033,8071	4,1207
5053,8208	4,1214
5073,8344	4,1220
5093,8483	4,1226
5113,8622	4,1235
5133,8756	4,1241
5153,8895	4,1245
5173,9033	4,1254
5193,9169	4,1257
5213,9308	4,1263
5233,9445	4,1269
5253,9581	4,1272
5273,9719	4,1282
5293,9857	4,1285
5313,9993	4,1294
5334,0132	4,1297
5354,0270	4,1303
5374,0406	4,1309
5394,0544	4,1312
5414,0682	4,1322
5434,0818	4,1325
5454,0956	4,1331
5474,1094	4,1337
5494,1230	4,1343
5514,1369	4,1346
5534,1506	4,1353
5554,1642	4,1359
5574,1781	4,1365
5594,1918	4,1368
5614,2054	4,1374
5634,2194	4,1384
5654,2330	4,1384
5674,2467	4,1390
5694,2605	4,1399
5714,2743	4,1402
5734,2879	4,1408
5754,3018	4,1411
5774,3155	4,1418
5794,3291	4,1421
5814,3430	4,1427
5834,3567	4,1433
5854,3703	4,1433
5874,3842	4,1439
5894,3979	4,1452
5914,4116	4,1455
5934,4254	4,1458
5954,4392	4,1461
5974,4528	4,1467
5994,4667	4,1473
6014,4804	4,1476
6034,4941	4,1482
6054,5079	4,1489
6074,5216	4,1495
6094,5354	4,1498
6114,5491	4,1504
6134,5629	4,1507
6154,5765	4,1513
6174,5903	4,1513
6194,6042	4,1523
6214,6179	4,1523
6234,6316	4,1532
6254,6453	4,1535
6274,6590	4,1541
6294,6728	4,1544
6314,6865	4,1550
6334,7003	4,1553
6354,7140	4,1557
6374,7278	4,1560
6394,7415	4,1563
6414,7552	4,1572
6434,7690	4,1578
6454,7827	4,1584
6474,7965	4,1584
6494,8102	4,1591
6514,8240	4,1594
6534,8377	4,1600
6554,8514	4,1606
6574,8652	4,1606
6594,8790	4,1609
6614,8927	4,1618
6634,9064	4,1618
6654,9203	4,1628
6674,9339	4,1631
6694,9476	4,1631
6714,9614	4,1634
6734,9751	4,1643
6754,9888	4,1646
6775,0026	4,1649
6795,0163	4,1655
6815,0301	4,1655
6835,0438	4,1662
6855,0576	4,1665
6875,0713	4,1671
6895,0851	4,1677
6915,0988	4,1677
6935,1125	4,1680
6955,1263	4,1683
6975,1401	4,1692
6995,1538	4,1692
7015,1675	4,1699
7035,1812	4,1702
7055,1950	4,1705
7075,2087	4,1705
7095,2225	4,1711
7115,2362	4,1717
7135,2499	4,1720
7155,2637	4,1723
7175,2774	4,1730
7195,2912	4,1733
7215,3049	4,1733
7235,3187	4,1739
7255,3325	4,1742
7275,3461	4,1742
7295,3599	4,1751
7315,3736	4,1754
7335,3874	4,1754
7355,4011	4,1757
7375,4148	4,1760
7395,4286	4,1767
7415,4423	4,1773
7435,4561	4,1773
7455,4698	4,1776
7475,4836	4,1779
7495,4973	4,1782
7515,5112	4,1788
7535,5248	4,1791
7555,5385	4,1791
7575,5523	4,1798
7595,5660	4,1801
7615,5797	4,1804
7635,5935	4,1807
7655,6073	4,1810
7675,6210	4,1816
7695,6347	4,1816
7715,6485	4,1819
7735,6622	4,1822
7755,6759	4,1825
7775,6897	4,1828
7795,7034	4,1828
7815,7172	4,1838
7835,7309	4,1835
7855,7447	4,1841
7875,7584	4,1841
7895,7721	4,1847
7915,7859	4,1850
7935,7996	4,1853
7955,8135	4,1853
7975,8271	4,1859
7995,8409	4,1862
8015,8546	4,1865
8035,8683	4,1872
8055,8821	4,1872
8075,8958	4,1875
8095,9096	4,1875
8115,9233	4,1878
8135,9370	4,1881
8155,9508	4,1887
8175,9645	4,1890
8195,9783	4,1890
8215,9920	4,1893
8236,0058	4,1896
8256,0195	4,1899
8276,0332	4,1899
8296,0470	4,1906
8316,0607	4,1906
8336,0744	4,1906
8356,0882	4,1912
8376,1019	4,1918
8396,1157	4,1918
8416,1294	4,1924
8436,1432	4,1924
8456,1569	4,1927
8476,1706	4,1930
8496,1844	4,1930
8516,1981	4,1933
8536,2119	4,1933
8556,2257	4,1940
8576,2393	4,1940
8596,2531	4,1946
8616,2669	4,1946
8636,2806	4,1949
8656,2944	4,1949
8676,3080	4,1955
8696,3218	4,1955
8716,3355	4,1961
8736,3493	4,1961
8756,3630	4,1964
8776,3768	4,1967
8796,3905	4,1967
8816,4044	4,1971
8836,4180	4,1974
8856,4317	4,1977
8876,4455	4,1977
8896,4593	4,1980
8916,4730	4,1983
8936,4867	4,1986
8956,5004	4,1989
8976,5143	4,1989
8996,5279	4,1992
9016,5417	4,1995
9036,5554	4,1998
9056,5691	4,1998
9076,5829	4,2001
9096,5966	4,2001
9116,6104	4,2005
9136,6241	4,2008
9156,6379	4,2008
9176,6516	4,2011
9196,6653	4,2014
9216,6791	4,2017
9236,6928	4,2017
9256,7067	4,2020
9276,7203	4,2023
9296,7340	4,2026
9316,7478	4,2026
9336,7615	4,2029
9356,7753	4,2029
9376,7890	4,2032
9396,8029	4,2035
9416,8165	4,2038
9436,8302	4,2038
9456,8440	4,2042
9476,8577	4,2042
9496,8715	4,2048
9516,8852	4,2048
9536,8989	4,2051
9556,9127	4,2051
9576,9264	4,2054
9596,9402	4,2054
9616,9539	4,2054
9636,9676	4,2060
9656,9815	4,2063
9676,9952	4,2063
9697,0089	4,2066
9717,0226	4,2069
9737,0364	4,2072
9757,0502	4,2072
9777,0639	4,2072
9797,0777	4,2076
9817,0913	4,2076
9837,1051	4,2079
9857,1189	4,2079
9877,1326	4,2082
9897,1463	4,2085
9917,1601	4,2088
9937,1738	4,2088
9957,1875	4,2091
9977,2013	4,2091
9997,2150	4,2091
10017,2288	4,2097
10037,2425	4,2097
10057,2562	4,2100
10077,2700	4,2100
10097,2838	4,2103
10117,2975	4,2103
10137,3112	4,2106
10157,3249	4,2110
10177,3387	4,2110
10197,3524	4,2110
10217,3661	4,2116
10237,3800	4,2116
10257,3937	4,2113
10277,4074	4,2116
10297,4211	4,2119
10317,4349	4,2119
10337,4486	4,2122
10357,4624	4,2125
10377,4761	4,2128
10397,4898	4,2128
10417,5036	4,2128
10437,5173	4,2128
10457,5312	4,2131
10477,5447	4,2134
10497,5586	4,2137
10517,5723	4,2137
10537,5861	4,2137
10557,6000	4,2140
10577,6135	4,2144
10597,6273	4,2144
10617,6411	4,2147
10637,6548	4,2150
10657,6685	4,2150
10677,6822	4,2150
10697,6961	4,2153
10717,7097	4,2153
10737,7234	4,2153
10757,7372	4,2156
10777,7510	4,2159
10797,7647	4,2159
10817,7784	4,2162
10837,7922	4,2162
10857,8059	4,2165
10877,8197	4,2165
10897,8334	4,2168
10917,8472	4,2168
10937,8609	4,2168
10957,8747	4,2171
10977,8884	4,2174
10997,9021	4,2174
11017,9159	4,2174
11037,9296	4,2178
11057,9433	4,2178
11077,9571	4,2178
11097,9708	4,2181
11117,9845	4,2184
11137,9983	4,2181
11158,0121	4,2187
11178,0258	4,2187
11198,0395	4,2190
11218,0533	4,2190
11238,0670	4,2190
11258,0808	4,2190
11278,0945	4,2193
11298,1082	4,2193
11318,1220	4,2199
11338,1357	4,2196
11358,1494	4,2199
11378,1632	4,2199
11398,1770	4,2199
11418,1907	4,2202
11438,2044	4,2202
11458,2182	4,2202
11478,2319	4,2205
11498,2457	4,2208
11518,2594	4,2208
11538,2731	4,2211
11558,2869	4,2211
11578,3007	4,2211
11598,3144	4,2215
11618,3281	4,2215
11638,3419	4,2218
11658,3556	4,2218
11678,3694	4,2218
11698,3831	4,2221
11718,3968	4,2221
11738,4105	4,2224
11758,4243	4,2224
11778,4380	4,2227
11798,4518	4,2224
11818,4655	4,2224
11838,4793	4,2227
11858,4932	4,2227
11878,5067	4,2227
11898,5205	4,2230
11918,5342	4,2233
11938,5481	4,2233
11958,5617	4,2236
11978,5754	4,2236
11998,5893	4,2236
12018,6029	4,2236
12038,6167	4,2239
12058,6304	4,2236
12078,6441	4,2239
12098,6579	4,2239
12118,6716	4,2245
12138,6854	4,2242
12158,6991	4,2245
12178,7129	4,2245
12198,7266	4,2245
12218,7403	4,2249
12238,7541	4,2245
12258,7680	4,2249
12278,7816	4,2249
12298,7953	4,2252
12318,8090	4,2255
12338,8229	4,2252
12358,8365	4,2252
12378,8503	4,2252
12398,8641	4,2255
12418,8778	4,2258
12438,8915	4,2258
12458,9053	4,2261
12478,9190	4,2261
12498,9329	4,2261
12518,9464	4,2261
12538,9602	4,2264
12558,9740	4,2261
12578,9877	4,2267
12599,0015	4,2264
12619,0152	4,2264
12639,0288	4,2264
12659,0427	4,2267
12679,0564	4,2270
12699,0702	4,2270
12719,0839	4,2270
12739,0977	4,2273
12759,1114	4,2273
12779,1251	4,2273
12799,1389	4,2273
12819,1526	4,2273
12839,1665	4,2279
12859,1801	4,2276
12879,1938	4,2279
12899,2076	4,2279
12919,2213	4,2279
12939,2351	4,2283
12959,2488	4,2283
12979,2626	4,2286
12999,2763	4,2279
13019,2900	4,2283
13039,3038	4,2283
13059,3175	4,2283
13079,3312	4,2289
13099,3451	4,2289
13119,3587	4,2289
13139,3725	4,2289
13159,3863	4,2289
13179,3999	4,2289
13199,4137	4,2295
13219,4274	4,2292
13239,4412	4,2292
13259,4549	4,2292
13279,4687	4,2298
13299,4824	4,2295
13319,4962	4,2295
13339,5099	4,2295
13359,5236	4,2295
13379,5374	4,2298
13399,5511	4,2298
13419,5649	4,2298
13439,5786	4,2298
13459,5923	4,2298
13479,6061	4,2298
13499,6198	4,2301
13519,6336	4,2298
13539,6473	4,2301
13559,6611	4,2301
13579,6748	4,2301
13599,6886	4,2304
13619,7023	4,2301
13639,7160	4,2304
13659,7298	4,2307
13679,7436	4,2310
13699,7572	4,2310
13719,7710	4,2307
13739,7847	4,2307
13759,7985	4,2313
13779,8123	4,2313
13799,8260	4,2313
13819,8397	4,2310
13839,8535	4,2313
13859,8672	4,2313
13879,8809	4,2313
13899,8947	4,2310
13919,9084	4,2317
13939,9221	4,2317
13959,9359	4,2317
13979,9496	4,2320
13999,9634	4,2320
14019,9771	4,2320
14039,9908	4,2320
14060,0046	4,2320
14080,0183	4,2323
14100,0321	4,2320
14120,0458	4,2323
14140,0597	4,2323
14160,0733	4,2323
14180,0871	4,2323
14200,1008	4,2323
14220,1145	4,2326
14240,1283	4,2323
14260,1420	4,2326
14280,1559	4,2326
14300,1695	4,2326
14320,1833	4,2326
14340,1970	4,2326
14360,2107	4,2329
14380,2245	4,2329
14400,2383	4,2329
14420,2519	4,2332
14440,2656	4,2329
14460,2797	4,2329
14480,2932	4,2329
14500,3069	4,2332
14520,3207	4,2332
14540,3344	4,2332
14560,3481	4,2332
14580,3619	4,2332
14600,3756	4,2332
14620,3894	4,2335
14640,4031	4,2338
14660,4169	4,2335
14680,4306	4,2338
14700,4443	4,2338
14720,4581	4,2338
14740,4718	4,2338
14760,4855	4,2338
14780,4993	4,2338
14800,5130	4,2341
14820,5268	4,2341
14840,5405	4,2341
14860,5544	4,2341
14880,5680	4,2341
14900,5817	4,2341
14920,5956	4,2341
14940,6092	4,2344
14960,6230	4,2341
14980,6367	4,2344
15000,6504	4,2341
15020,6642	4,2344
15040,6779	4,2344
15060,6917	4,2341
15080,7055	4,2344
15100,7192	4,2344
15120,7330	4,2347
15140,7467	4,2347
15160,7605	4,2347
15180,7741	4,2347
15200,7879	4,2347
15220,8016	4,2347
15240,8154	4,2347
15260,8291	4,2351
15280,8428	4,2351
15300,8566	4,2351
15320,8703	4,2354
15340,8841	4,2347
15360,8978	4,2351
15380,9115	4,2351
15400,9253	4,2354
15420,9390	4,2351
15440,9528	4,2354
15460,9665	4,2357
15480,9803	4,2354
15500,9940	4,2357
15521,0077	4,2354
15541,0215	4,2357
15561,0352	4,2354
15581,0490	4,2357
15601,0627	4,2357
15621,0765	4,2357
15641,0903	4,2357
15661,1039	4,2360
15681,1177	4,2360
15701,1315	4,2360
15721,1451	4,2357
15741,1589	4,2360
15761,1729	4,2360
15781,1864	4,2363
15801,2001	4,2360
15821,2139	4,2363
15841,2276	4,2360
15861,2413	4,2363
15881,2551	4,2360
15901,2689	4,2363
15921,2826	4,2363
15941,2963	4,2369
15961,3101	4,2366
15981,3238	4,2363
16001,3375	4,2366
16021,3513	4,2363
16041,3650	4,2369
16061,3788	4,2369
16081,3925	4,2366
16101,4063	4,2366
16121,4200	4,2369
16141,4337	4,2369
16161,4475	4,2372
16181,4613	4,2366
16201,4750	4,2369
16221,4887	4,2366
16241,5024	4,2369
16261,5162	4,2372
16281,5301	4,2369
16301,5437	4,2369
16321,5574	4,2372
16341,5712	4,2372
16361,5849	4,2372
16381,5987	4,2369
16401,6124	4,2372
16421,6263	4,2372
16441,6399	4,2372
16461,6536	4,2372
16481,6673	4,2375
16501,6813	4,2375
16521,6948	4,2375
16541,7087	4,2375
16561,7223	4,2375
16581,7360	4,2375
16601,7498	4,2372
16621,7635	4,2378
16641,7773	4,2375
16661,7910	4,2378
16681,8048	4,2378
16701,8185	4,2378
16721,8323	4,2378
16741,8460	4,2378
16761,8597	4,2381
16781,8735	4,2381
16801,8872	4,2378
16821,9009	4,2381
16841,9146	4,2378
16861,9284	4,2381
16881,9422	4,2381
16901,9559	4,2378
16921,9697	4,2381
16941,9834	4,2385
16961,9971	4,2381
16982,0110	4,2385
17002,0247	4,2385
17022,0384	4,2385
17042,0521	4,2385
17062,0661	4,2385
17082,0796	4,2385
17102,0934	4,2385
17122,1071	4,2385
17142,1208	4,2388
17162,1346	4,2385
17182,1483	4,2385
17202,1621	4,2388
17222,1758	4,2388
17242,1895	4,2388
17262,2033	4,2388
17282,2170	4,2388
17302,2308	4,2388
17322,2445	4,2391
17342,2583	4,2388
17362,2720	4,2391
17382,2858	4,2391
17402,2995	4,2388
17422,3132	4,2391
17442,3270	4,2394
17462,3407	4,2391
17482,3544	4,2394
17502,3682	4,2391
17522,3819	4,2391
17542,3957	4,2394
17562,4094	4,2394
17582,4233	4,2394
17602,4369	4,2394
17622,4506	4,2394
17642,4644	4,2394
17662,4781	4,2394
17682,4920	4,2394
17702,5056	4,2394
17722,5194	4,2397
17742,5331	4,2397
17762,5468	4,2397
17782,5606	4,2397
17802,5743	4,2397
17822,5881	4,2397
17842,6019	4,2397
17862,6155	4,2397
17882,6293	4,2397
17902,6430	4,2397
17922,6568	4,2397
17942,6705	4,2397
17962,6842	4,2400
17982,6980	4,2400
18002,7117	4,2400
18022,7255	4,2400
18042,7393	4,2400
18062,7530	4,2403
18082,7667	4,2400
18102,7804	4,2400
18122,7942	4,2400
18142,8079	4,2403
18162,8217	4,2403
18182,8355	4,2406
18202,8491	4,2403
18222,8629	4,2406
18242,8766	4,2403
18262,8904	4,2400
18282,9041	4,2403
18302,9179	4,2406
18322,9316	4,2406
18342,9453	4,2406
18362,9593	4,2406
18382,9729	4,2406
18402,9866	4,2406
18423,0003	4,2409
18443,0140	4,2409
18463,0278	4,2406
18483,0415	4,2406
18503,0553	4,2406
18523,0690	4,2409
18543,0827	4,2409
18563,0965	4,2412
18583,1102	4,2412
18603,1240	4,2412
18623,1377	4,2412
18643,1514	4,2412
18663,1652	4,2409
18683,1790	4,2412
18703,1927	4,2412
18723,2064	4,2415
18743,2202	4,2412
18763,2340	4,2412
18783,2477	4,2415
18803,2614	4,2415
18823,2752	4,2409
18843,2889	4,2412
18863,3026	4,2415
18883,3165	4,2412
18903,3301	4,2415
18923,3438	4,2415
18943,3576	4,2412
18963,3713	4,2415
18983,3851	4,2418
19003,3988	4,2415
19023,4126	4,2418
19043,4263	4,2418
19063,4401	4,2418
19083,4538	4,2418
19103,4675	4,2418
19123,4813	4,2422
19143,4951	4,2422
19163,5087	4,2418
19183,5225	4,2418
19203,5363	4,2422
19223,5500	4,2422
19243,5636	4,2418
19263,5775	4,2422
19283,5912	4,2422
19303,6049	4,2418
19323,6187	4,2425
19343,6324	4,2422
19363,6462	4,2425
19383,6599	4,2425
19403,6736	4,2425
19423,6874	4,2425
19443,7011	4,2425
19463,7149	4,2425
19483,7287	4,2425
19503,7424	4,2425
19523,7561	4,2425
19543,7698	4,2428
19563,7836	4,2425
19583,7973	4,2425
19603,8111	4,2428
19623,8248	4,2425
19643,8385	4,2428
19663,8526	4,2425
19683,8661	4,2428
19703,8798	4,2428
19723,8936	4,2428
19743,9072	4,2428
19763,9209	4,2431
19783,9347	4,2431
19803,9485	4,2431
19823,9622	4,2431
19843,9760	4,2434
19863,9897	4,2431
19884,0034	4,2434
19904,0172	4,2431
19924,0310	4,2431
19944,0447	4,2434
19964,0584	4,2434
19984,0722	4,2431
20004,0859	4,2434
20024,0996	4,2437
20044,1134	4,2434
20064,1271	4,2434
20084,1409	4,2434
20104,1546	4,2437
20124,1683	4,2434
20144,1821	4,2437
20164,1958	4,2437
20184,2096	4,2437
20204,2233	4,2437
20224,2370	4,2437
20244,2508	4,2437
20264,2646	4,2440
20284,2783	4,2440
20304,2920	4,2437
20324,3058	4,2440
20344,3195	4,2437
20364,3333	4,2440
20384,3470	4,2440
20404,3607	4,2440
20424,3744	4,2443
20444,3882	4,2443
20464,4020	4,2440
20484,4157	4,2440
20504,4294	4,2443
20524,4432	4,2443
20544,4569	4,2443
20564,4707	4,2443
20584,4844	4,2440
20604,4982	4,2443
20624,5119	4,2443
20644,5256	4,2446
20664,5394	4,2446
20684,5531	4,2446
20704,5668	4,2446
20724,5806	4,2446
20744,5944	4,2446
20764,6081	4,2446
20784,6218	4,2446
20804,6356	4,2446
20824,6493	4,2446
20844,6630	4,2446
20864,6768	4,2449
20884,6906	4,2449
20904,7043	4,2446
20924,7180	4,2449
20944,7318	4,2449
20964,7457	4,2449
20984,7592	4,2449
21004,7730	4,2449
21024,7869	4,2452
21044,8004	4,2452
21064,8142	4,2452
21084,8280	4,2452
21104,8417	4,2456
21124,8554	4,2456
21144,8692	4,2452
21164,8829	4,2452
21184,8967	4,2456
21204,9104	4,2456
21224,9241	4,2459
21244,9379	4,2456
21264,9516	4,2456
21284,9655	4,2456
21304,9791	4,2459
21324,9928	4,2459
21345,0066	4,2456
21365,0203	4,2462
21385,0341	4,2459
21405,0478	4,2459
21425,0616	4,2459
21445,0753	4,2462
21465,0890	4,2462
21485,1028	4,2462
21505,1165	4,2465
21525,1303	4,2465
21545,1440	4,2465
21565,1578	4,2465
21585,1715	4,2462
21605,1852	4,2465
21625,1990	4,2465
21645,2127	4,2465
21665,2265	4,2465
21685,2402	4,2465
21705,2540	4,2468
21725,2677	4,2468
21745,2815	4,2468
21765,2952	4,2468
21785,3089	4,2468
21805,3227	4,2468
21825,3364	4,2471
21845,3501	4,2471
21865,3639	4,2471
21885,3776	4,2471
21905,3914	4,2468
21925,4051	4,2471
21945,4189	4,2471
21965,4326	4,2471
21985,4463	4,2474
22005,4601	4,2471
22025,4738	4,2474
22045,4876	4,2474
22065,5013	4,2474
22085,5150	4,2474
22105,5288	4,2474
22125,5425	4,2477
22145,5563	4,2477
22165,5700	4,2474
22185,5838	4,2474
22205,5976	4,2474
22225,6112	4,2477
22245,6250	4,2477
22265,6390	4,2480
22285,6525	4,2477
22305,6662	4,2477
22325,6801	4,2480
22345,6937	4,2480
22365,7074	4,2480
22385,7212	4,2480
22405,7349	4,2483
22425,7487	4,2480
22445,7624	4,2483
22465,7761	4,2486
22485,7899	4,2483
22505,8036	4,2486
22525,8173	4,2483
22545,8311	4,2483
22565,8448	4,2486
22585,8587	4,2490
22605,8723	4,2486
22625,8861	4,2486
22645,8998	4,2486
22665,9136	4,2490
22685,9273	4,2490
22705,9410	4,2490
22725,9548	4,2490
22745,9685	4,2490
22765,9823	4,2486
22785,9960	4,2486
22806,0098	4,2490
22826,0235	4,2493
22846,0372	4,2493
22866,0510	4,2493
22886,0647	4,2493
22906,0785	4,2493
22926,0923	4,2493
22946,1060	4,2496
22966,1198	4,2496
22986,1334	4,2496
23006,1471	4,2496
23026,1609	4,2496
23046,1747	4,2496
23066,1884	4,2496
23086,2022	4,2496
23106,2159	4,2499
23126,2296	4,2496
23146,2433	4,2499
23166,2572	4,2499
23186,2709	4,2499
23206,2846	4,2502
23226,2983	4,2499
23246,3121	4,2502
23266,3258	4,2505
23286,3395	4,2502
23306,3533	4,2502
23326,3670	4,2502
23346,3808	4,2505
23366,3945	4,2505
23386,4083	4,2505
23406,4220	4,2508
23426,4359	4,2508
23446,4495	4,2508
23466,4632	4,2511
23486,4770	4,2511
23506,4907	4,2508
23526,5044	4,2511
23546,5182	4,2511
23566,5323	4,2511
23586,5457	4,2511
23606,5594	4,2511
23626,5732	4,2511
23646,5869	4,2514
23666,6006	4,2511
23686,6144	4,2517
23706,6281	4,2517
23726,6419	4,2517
23746,6556	4,2514
23766,6693	4,2517
23786,6831	4,2517
23806,6968	4,2517
23826,7106	4,2517
23846,7243	4,2517
23866,7381	4,2520
23886,7518	4,2520
23906,7656	4,2520
23926,7793	4,2520
23946,7930	4,2524
23966,8068	4,2520
23986,8205	4,2520
24006,8342	4,2520
24026,8480	4,2524
24046,8617	4,2524
24066,8755	4,2524
24086,8892	4,2520
24106,9029	4,2527
24126,9167	4,2527
24146,9305	4,2530
24166,9442	4,2527
24186,9580	4,2530
24206,9717	4,2527
24226,9854	4,2530
24246,9991	4,2530
24267,0129	4,2533
24287,0266	4,2530
24307,0404	4,2530
24327,0541	4,2530
24347,0679	4,2533
24367,0816	4,2533
24387,0954	4,2533
24407,1091	4,2533
24427,1228	4,2533
24447,1366	4,2536
24467,1505	4,2533
24487,1641	4,2536
24507,1778	4,2536
24527,1916	4,2539
24547,2053	4,2539
24567,2190	4,2539
24587,2328	4,2542
24607,2465	4,2539
24627,2602	4,2539
24647,2740	4,2539
24667,2877	4,2542
24687,3015	4,2542
24707,3152	4,2542
24727,3291	4,2545
24747,3427	4,2545
24767,3564	4,2545
24787,3702	4,2545
24807,3839	4,2545
24827,3977	4,2545
24847,4115	4,2548
24867,4255	4,2545
24887,4388	4,2548
24907,4526	4,2545
24927,4664	4,2548
24947,4801	4,2548
24967,4938	4,2551
24987,5076	4,2551
25007,5213	4,2548
25027,5351	4,2551
25047,5488	4,2551
25067,5627	4,2554
25087,5765	4,2554
25107,5900	4,2554
25127,6038	4,2554
25147,6175	4,2558
25167,6313	4,2554
25187,6450	4,2554
25207,6588	4,2558
25227,6725	4,2558
25247,6862	4,2558
25267,7000	4,2558
25287,7138	4,2561
25307,7275	4,2561
25327,7412	4,2561
25347,7549	4,2564
25367,7687	4,2561
25387,7824	4,2564
25407,7961	4,2564
25427,8099	4,2561
25447,8236	4,2564
25467,8374	4,2564
25487,8512	4,2564
25507,8649	4,2567
25527,8787	4,2567
25547,8923	4,2567
25567,9061	4,2570
25587,9198	4,2570
25607,9336	4,2570
25627,9474	4,2567
25647,9611	4,2570
25667,9747	4,2570
25687,9885	4,2573
25708,0023	4,2570
25728,0160	4,2576
25748,0298	4,2576
25768,0437	4,2573
25788,0573	4,2570
25808,0710	4,2573
25828,0847	4,2576
25848,0985	4,2576
25868,1123	4,2576
25888,1260	4,2579
25908,1398	4,2582
25928,1535	4,2579
25948,1672	4,2576
25968,1809	4,2579
25988,1947	4,2579
26008,2084	4,2579
26028,2223	4,2582
26048,2359	4,2579
26068,2497	4,2585
26088,2634	4,2582
26108,2772	4,2582
26128,2909	4,2585
26148,3047	4,2585
26168,3186	4,2585
26188,3321	4,2585
26208,3458	4,2585
26228,3596	4,2585
26248,3733	4,2585
26268,3871	4,2588
26288,4008	4,2588
26308,4146	4,2591
26328,4283	4,2588
26348,4420	4,2588
26368,4558	4,2591
26388,4695	4,2591
26408,4833	4,2591
26428,4970	4,2591
26448,5107	4,2591
26468,5245	4,2591
26488,5382	4,2591
26508,5520	4,2595
26528,5657	4,2595
26548,5795	4,2598
26568,5932	4,2598
26588,6069	4,2595
26608,6208	4,2598
26628,6344	4,2598
26648,6482	4,2601
26668,6619	4,2601
26688,6756	4,2598
26708,6894	4,2598
26728,7032	4,2598
26748,7169	4,2601
26768,7306	4,2604
26788,7444	4,2604
26808,7581	4,2601
26828,7718	4,2604
26848,7856	4,2604
26868,7994	4,2604
26888,8131	4,2604
26908,8268	4,2607
26928,8405	4,2607
26948,8543	4,2604
26968,8680	4,2610
26988,8818	4,2610
27008,8955	4,2607
27028,9093	4,2610
27048,9230	4,2610
27068,9368	4,2610
27088,9505	4,2610
27108,9642	4,2613
27128,9780	4,2613
27148,9917	4,2613
27169,0054	4,2613
27189,0192	4,2610
27209,0329	4,2616
27229,0467	4,2616
27249,0604	4,2616
27269,0742	4,2616
27289,0879	4,2616
27309,1016	4,2616
27329,1154	4,2616
27349,1291	4,2619
27369,1429	4,2616
27389,1566	4,2616
27409,1703	4,2619
27429,1841	4,2619
27449,1978	4,2622
27469,2117	4,2619
27489,2253	4,2622
27509,2391	4,2622
27529,2528	4,2622
27549,2666	4,2622
27569,2803	4,2622
27589,2940	4,2622
27609,3078	4,2622
27629,3215	4,2625
27649,3353	4,2625
27669,3490	4,2625
27689,3627	4,2629
27709,3765	4,2625
27729,3902	4,2632
27749,4040	4,2629
27769,4178	4,2629
27789,4315	4,2629
27809,4451	4,2632
27829,4589	4,2629
27849,4727	4,2629
27869,4864	4,2632
27889,5002	4,2629
27909,5140	4,2632
27929,5277	4,2632
27949,5414	4,2632
27969,5551	4,2635
27989,5689	4,2635
28009,5826	4,2635
28029,5964	4,2635
28049,6101	4,2635
28069,6238	4,2635
28089,6376	4,2635
28109,6513	4,2638
28129,6651	4,2635
28149,6788	4,2635
28169,6927	4,2638
28189,7063	4,2638
28209,7200	4,2638
28229,7338	4,2641
28249,7475	4,2641
28269,7613	4,2638
28289,7750	4,2644
28309,7888	4,2641
28329,8025	4,2644
28349,8162	4,2641
28369,8300	4,2644
28389,8437	4,2644
28409,8574	4,2644
28429,8712	4,2644
28449,8849	4,2644
28469,8986	4,2644
28489,9124	4,2644
28509,9262	4,2644
28529,9399	4,2647
28549,9537	4,2644
28569,9674	4,2644
28589,9812	4,2647
28609,9949	4,2647
28630,0086	4,2650
28650,0223	4,2650
28670,0361	4,2647
28690,0498	4,2647
28710,0636	4,2650
28730,0772	4,2650
28750,0911	4,2650
28770,1049	4,2653
28790,1185	4,2653
28810,1323	4,2650
28830,1460	4,2650
28850,1598	4,2653
28870,1735	4,2647
28890,1874	4,2653
28910,2010	4,2653
28930,2147	4,2656
28950,2285	4,2653
28970,2423	4,2653
28990,2560	4,2656
29010,2697	4,2656
29030,2834	4,2659
29050,2972	4,2656
29070,3109	4,2656
29090,3246	4,2656
29110,3384	4,2659
29130,3522	4,2659
29150,3659	4,2656
29170,3796	4,2659
29190,3934	4,2659
29210,4073	4,2656
29230,4209	4,2663
29250,4346	4,2659
29270,4483	4,2659
29290,4621	4,2659
29310,4758	4,2659
29330,4896	4,2659
29350,5033	4,2663
29370,5171	4,2659
29390,5308	4,2666
29410,5445	4,2666
29430,5583	4,2666
29450,5720	4,2666
29470,5858	4,2663
29490,5995	4,2666
29510,6132	4,2666
29530,6270	4,2663
29550,6407	4,2669
29570,6544	4,2666
29590,6682	4,2666
29610,6819	4,2663
29630,6957	4,2666
29650,7094	4,2666
29670,7232	4,2666
29690,7370	4,2669
29710,7506	4,2669
29730,7644	4,2669
29750,7782	4,2666
29770,7919	4,2669
29790,8056	4,2672
29810,8194	4,2669
29830,8330	4,2669
29850,8469	4,2669
29870,8606	4,2669
29890,8743	4,2669
29910,8881	4,2672
29930,9018	4,2672
29950,9156	4,2672
29970,9293	4,2672
29990,9431	4,2675
30010,9568	4,2672
30030,9705	4,2672
30050,9844	4,2675
30070,9982	4,2675
30091,0117	4,2672
30111,0255	4,2672
30131,0392	4,2675
30151,0531	4,2675
30171,0667	4,2675
30191,0805	4,2675
30211,0942	4,2675
30231,1080	4,2675
30251,1217	4,2675
30271,1354	4,2675
30291,1492	4,2678
30311,1630	4,2678
30331,1766	4,2678
30351,1903	4,2678
30371,2041	4,2678
30391,2179	4,2678
30411,2316	4,2678
30431,2454	4,2681
30451,2591	4,2678
30471,2729	4,2678
30491,2866	4,2678
30511,3003	4,2681
30531,3141	4,2678
30551,3277	4,2681
30571,3415	4,2681
30591,3553	4,2681
30611,3692	4,2684
30631,3828	4,2681
30651,3965	4,2681
30671,4102	4,2681
30691,4240	4,2681
30711,4378	4,2684
30731,4516	4,2684
30751,4652	4,2678
30771,4790	4,2684
30791,4927	4,2684
30811,5064	4,2684
30831,5202	4,2684
30851,5340	4,2684
30871,5477	4,2687
30891,5614	4,2684
30911,5752	4,2684
30931,5889	4,2687
30951,6027	4,2687
30971,6164	4,2684
30991,6301	4,2687
31011,6439	4,2687
31031,6576	4,2687
31051,6714	4,2687
31071,6851	4,2690
31091,6988	4,2687
31111,7126	4,2687
31131,7263	4,2687
31151,7401	4,2690
31171,7538	4,2687
31191,7675	4,2687
31211,7813	4,2684
31231,7950	4,2690
31251,8088	4,2690
31271,8225	4,2690
31291,8362	4,2690
31311,8501	4,2693
31331,8638	4,2693
31351,8776	4,2690
31371,8915	4,2690
31391,9050	4,2693
31411,9187	4,2693
31431,9324	4,2693
31451,9462	4,2693
31471,9599	4,2693
31491,9737	4,2693
31511,9874	4,2693
31532,0011	4,2693
31552,0150	4,2693
31572,0287	4,2693
31592,0423	4,2693
31612,0562	4,2693
31632,0699	4,2693
31652,0836	4,2690
31672,0973	4,2693
31692,1111	4,2693
31712,1249	4,2693
31732,1386	4,2693
31752,1523	4,2693
31772,1661	4,2693
31792,1798	4,2693
31812,1936	4,2697
31832,2074	4,2693
31852,2211	4,2693
31872,2348	4,2697
31892,2485	4,2693
31912,2622	4,2697
31932,2760	4,2697
31952,2898	4,2697
31972,3034	4,2697
31992,3172	4,2697
32012,3310	4,2697
32032,3447	4,2697
32052,3584	4,2693
32072,3722	4,2697
32092,3859	4,2697
32112,3997	4,2697
32132,4134	4,2697
32152,4272	4,2697
32172,4409	4,2697
32192,4547	4,2697
32212,4684	4,2697
32232,4820	4,2697
32252,4959	4,2697
32272,5096	4,2697
32292,5233	4,2697
32312,5371	4,2697
32332,5508	4,2697
32352,5646	4,2697
32372,5784	4,2697
32392,5920	4,2697
32412,6058	4,2697
32432,6195	4,2697
32452,6333	4,2703
32472,6470	4,2700
32492,6607	4,2700
32512,6745	4,2697
32532,6882	4,2697
32552,7020	4,2703
32572,7158	4,2697
32592,7295	4,2703
32612,7432	4,2700
32632,7570	4,2703
32652,7708	4,2706
32672,7846	4,2700
32692,7982	4,2703
32712,8119	4,2706
32732,8257	4,2703
32752,8396	4,2706
32772,8532	4,2706
32792,8670	4,2706
32812,8807	4,2706
32832,8946	4,2706
32852,9082	4,2706
32872,9219	4,2712
32892,9356	4,2709
32912,9494	4,2706
32932,9631	4,2706
32952,9769	4,2706
32972,9906	4,2709
32993,0043	4,2709
33013,0180	4,2709
33033,0318	4,2709
33053,0455	4,2712
33073,0593	4,2712
33093,0730	4,2709
33113,0868	4,2709
33133,1005	4,2712
33153,1142	4,2712
33173,1280	4,2712
33193,1418	4,2715
33213,1555	4,2709
33233,1692	4,2712
33253,1829	4,2712
33273,1967	4,2709
33293,2105	4,2712
33313,2242	4,2715
33333,2380	4,2712
33353,2517	4,2712
33373,2654	4,2712
33393,2791	4,2715
33413,2929	4,2715
33433,3066	4,2715
33453,3203	4,2715
33473,3341	4,2715
33493,3480	4,2715
33513,3616	4,2712
33533,3753	4,2715
33553,3891	4,2718
33573,4028	4,2718
33593,4166	4,2715
33613,4303	4,2715
33633,4440	4,2715
33653,4578	4,2715
33673,4715	4,2715
33693,4852	4,2715
33713,4990	4,2718
33733,5127	4,2715
33753,5266	4,2718
33773,5402	4,2715
33793,5540	4,2718
33813,5677	4,2721
33833,5815	4,2721
33853,5952	4,2718
33873,6089	4,2718
33893,6227	4,2715
33913,6364	4,2721
33933,6502	4,2718
33953,6639	4,2721
33973,6778	4,2718
33993,6914	4,2721
34013,7051	4,2718
34033,7189	4,2721
34053,7326	4,2721
34073,7464	4,2721
34093,7601	4,2721
34113,7738	4,2721
34133,7876	4,2721
34153,8013	4,2721
34173,8151	4,2721
34193,8288	4,2721
34213,8426	4,2724
34233,8563	4,2721
34253,8701	4,2724
34273,8838	4,2724
34293,8975	4,2724
34313,9113	4,2724
34333,9250	4,2727
34353,9387	4,2724
34373,9525	4,2727
34393,9662	4,2721
34413,9800	4,2727
34433,9938	4,2727
34454,0075	4,2727
34474,0212	4,2727
34494,0349	4,2724
34514,0488	4,2727
34534,0624	4,2724
34554,0762	4,2727
34574,0899	4,2727
34594,1037	4,2727
34614,1174	4,2727
34634,1311	4,2731
34654,1449	4,2731
34674,1586	4,2731
34694,1724	4,2731
34714,1861	4,2731
34734,1998	4,2731
34754,2136	4,2731
34774,2272	4,2731
34794,2412	4,2731
34814,2549	4,2727
34834,2686	4,2734
34854,2823	4,2734
34874,2960	4,2731
34894,3098	4,2734
34914,3235	4,2734
34934,3373	4,2734
34954,3510	4,2734
34974,3647	4,2734
34994,3785	4,2734
35014,3922	4,2734
35034,4060	4,2734
35054,4198	4,2734
35074,4335	4,2737
35094,4472	4,2737
35114,4609	4,2737
35134,4747	4,2737
35154,4884	4,2737
35174,5022	4,2734
35194,5159	4,2737
35214,5296	4,2737
35234,5434	4,2737
35254,5571	4,2737
35274,5711	4,2737
35294,5846	4,2737
35314,5984	4,2740
35334,6121	4,2737
35354,6258	4,2740
35374,6396	4,2740
35394,6533	4,2743
35414,6671	4,2743
35434,6808	4,2737
35454,6945	4,2740
35474,7083	4,2743
35494,7220	4,2740
35514,7358	4,2740
35534,7495	4,2740
35554,7633	4,2743
35574,7770	4,2740
35594,7907	4,2743
35614,8045	4,2743
35634,8182	4,2743
35654,8320	4,2743
35674,8457	4,2743
35694,8595	4,2746
35714,8732	4,2743
35734,8869	4,2743
35754,9007	4,2746
35774,9144	4,2743
35794,9282	4,2746
35814,9419	4,2743
35834,9556	4,2743
35854,9694	4,2746
35874,9832	4,2746
35894,9969	4,2746
35915,0106	4,2746
35935,0244	4,2746
35955,0381	4,2746
35975,0518	4,2749
35995,0656	4,2746
36015,0793	4,2746
36035,0931	4,2749
36055,1068	4,2746
36075,1205	4,2746
36095,1344	4,2749
36115,1480	4,2746
36135,1619	4,2749
36155,1755	4,2746
36175,1893	4,2752
36195,2030	4,2752
36215,2168	4,2749
36235,2305	4,2752
36255,2442	4,2752
36275,2580	4,2752
36295,2717	4,2752
36315,2855	4,2752
36335,2992	4,2755
36355,3129	4,2752
36375,3267	4,2752
36395,3404	4,2752
36415,3541	4,2755
36435,3679	4,2755
36455,3816	4,2755
36475,3954	4,2755
36495,4091	4,2755
36515,4229	4,2755
36535,4366	4,2758
36555,4504	4,2755
36575,4643	4,2755
36595,4778	4,2755
36615,4916	4,2758
36635,5053	4,2758
36655,5191	4,2758
36675,5328	4,2758
36695,5465	4,2758
36715,5603	4,2758
36735,5741	4,2758
36755,5877	4,2758
36775,6015	4,2758
36795,6153	4,2761
36815,6290	4,2761
36835,6427	4,2761
36855,6565	4,2761
36875,6702	4,2758
36895,6839	4,2761
36915,6977	4,2761
36935,7116	4,2765
36955,7252	4,2765
36975,7389	4,2761
36995,7527	4,2765
37015,7664	4,2761
37035,7802	4,2765
37055,7938	4,2765
37075,8076	4,2765
37095,8214	4,2765
37115,8351	4,2765
37135,8488	4,2765
37155,8626	4,2771
37175,8764	4,2768
37195,8903	4,2768
37215,9039	4,2768
37235,9176	4,2768
37255,9313	4,2768
37275,9450	4,2771
37295,9588	4,2768
37315,9727	4,2768
37335,9863	4,2771
37356,0000	4,2771
37376,0137	4,2771
37396,0275	4,2771
37416,0412	4,2768
37436,0550	4,2771
37456,0687	4,2774
37476,0825	4,2774
37496,0962	4,2771
37516,1099	4,2774
37536,1237	4,2774
37556,1375	4,2774
37576,1512	4,2774
37596,1649	4,2774
37616,1787	4,2774
37636,1924	4,2774
37656,2062	4,2774
37676,2199	4,2774
37696,2336	4,2774
37716,2474	4,2774
37736,2611	4,2777
37756,2748	4,2777
37776,2886	4,2777
37796,3023	4,2774
37816,3161	4,2774
37836,3298	4,2780
37856,3435	4,2777
37876,3575	4,2777
37896,3710	4,2777
37916,3848	4,2780
37936,3985	4,2777
37956,4123	4,2780
37976,4260	4,2783
37996,4397	4,2780
38016,4535	4,2780
38036,4672	4,2780
38056,4810	4,2783
38076,4947	4,2783
38096,5085	4,2780
38116,5222	4,2780
38136,5359	4,2783
38156,5497	4,2780
38176,5634	4,2783
38196,5772	4,2783
38216,5909	4,2786
38236,6048	4,2786
38256,6184	4,2789
38276,6321	4,2786
38296,6459	4,2786
38316,6596	4,2783
38336,6734	4,2786
38356,6871	4,2789
38376,7008	4,2786
38396,7146	4,2786
38416,7283	4,2786
38436,7421	4,2786
38456,7558	4,2786
38476,7695	4,2789
38496,7834	4,2786
38516,7970	4,2789
38536,8108	4,2789
38556,8245	4,2789
38576,8383	4,2789
38596,8520	4,2792
38616,8657	4,2792
38636,8795	4,2789
38656,8932	4,2789
38676,9070	4,2792
38696,9208	4,2789
38716,9344	4,2792
38736,9482	4,2792
38756,9619	4,2792
38776,9756	4,2795
38796,9894	4,2795
38817,0032	4,2792
38837,0169	4,2795
38857,0306	4,2792
38877,0444	4,2795
38897,0581	4,2795
38917,0719	4,2795
38937,0856	4,2795
38957,0994	4,2798
38977,1131	4,2795
38997,1268	4,2795
39017,1406	4,2798
39037,1543	4,2798
39057,1681	4,2795
39077,1819	4,2802
39097,1955	4,2798
39117,2093	4,2802
39137,2230	4,2802
39157,2367	4,2798
39177,2507	4,2802
39197,2643	4,2805
39217,2780	4,2802
39237,2917	4,2802
39257,3055	4,2805
39277,3192	4,2802
39297,3330	4,2805
39317,3467	4,2802
39337,3604	4,2805
39357,3742	4,2805
39377,3879	4,2805
39397,4017	4,2805
39417,4154	4,2808
39437,4292	4,2811
39457,4429	4,2805
39477,4566	4,2808
39497,4704	4,2805
39517,4841	4,2808
39537,4979	4,2811
39557,5116	4,2808
39577,5253	4,2808
39597,5391	4,2811
39617,5528	4,2811
39637,5666	4,2811
39657,5803	4,2814
39677,5941	4,2811
39697,6078	4,2814
39717,6215	4,2814
39737,6353	4,2811
39757,6490	4,2814
39777,6628	4,2814
39797,6765	4,2814
39817,6902	4,2811
39837,7040	4,2814
39857,7177	4,2814
39877,7315	4,2814
39897,7452	4,2817
39917,7590	4,2814
39937,7727	4,2817
39957,7864	4,2817
39977,8002	4,2817
39997,8139	4,2817
40017,8277	4,2820
40037,8415	4,2817
40057,8552	4,2820
40077,8689	4,2820
40097,8826	4,2817
40117,8964	4,2820
40137,9101	4,2823
40157,9239	4,2820
40177,9376	4,2823
40197,9514	4,2823
40217,9651	4,2823
40237,9788	4,2820
40257,9926	4,2823
40278,0063	4,2823
40298,0201	4,2823
40318,0338	4,2823
40338,0475	4,2829
40358,0612	4,2826
40378,0751	4,2823
40398,0888	4,2826
40418,1025	4,2829
40438,1162	4,2826
40458,1300	4,2826
40478,1439	4,2829
40498,1575	4,2829
40518,1712	4,2829
40538,1850	4,2829
40558,1987	4,2829
40578,2124	4,2829
40598,2262	4,2832
40618,2400	4,2832
40638,2538	4,2832
40658,2674	4,2829
40678,2812	4,2832
40698,2949	4,2832
40718,3086	4,2836
40738,3224	4,2832
40758,3361	4,2836
40778,3499	4,2836
40798,3636	4,2832
40818,3773	4,2832
40838,3911	4,2836
40858,4048	4,2836
40878,4185	4,2836
40898,4323	4,2836
40918,4460	4,2836
40938,4598	4,2836
40958,4735	4,2839
40978,4873	4,2839
40998,5010	4,2839
41018,5148	4,2842
41038,5285	4,2839
41058,5422	4,2839
41078,5560	4,2842
41098,5697	4,2839
41118,5834	4,2842
41138,5972	4,2839
41158,6110	4,2842
41178,6247	4,2842
41198,6384	4,2845
41218,6522	4,2842
41238,6659	4,2845
41258,6798	4,2845
41278,6934	4,2845
41298,7071	4,2845
41318,7209	4,2845
41338,7346	4,2845
41358,7484	4,2848
41378,7621	4,2848
41398,7759	4,2845
41418,7896	4,2848
41438,8033	4,2848
41458,8171	4,2851
41478,8308	4,2848
41498,8445	4,2851
41518,8583	4,2848
41538,8720	4,2851
41558,8858	4,2851
41578,8995	4,2848
41598,9133	4,2851
41618,9270	4,2854
41638,9408	4,2854
41658,9545	4,2854
41678,9684	4,2854
41698,9820	4,2854
41718,9957	4,2857
41739,0094	4,2854
41759,0232	4,2854
41779,0372	4,2857
41799,0507	4,2860
41819,0644	4,2857
41839,0781	4,2860
41859,0919	4,2860
41879,1056	4,2860
41899,1194	4,2860
41919,1331	4,2860
41939,1470	4,2860
41959,1606	4,2860
41979,1743	4,2860
41999,1881	4,2863
42019,2018	4,2863
42039,2156	4,2866
42059,2293	4,2866
42079,2431	4,2863
42099,2568	4,2863
42119,2706	4,2863
42139,2843	4,2866
42159,2981	4,2866
42179,3118	4,2866
42199,3255	4,2866
42219,3393	4,2866
42239,3530	4,2870
42259,3667	4,2866
42279,3805	4,2870
42299,3942	4,2870
42319,4080	4,2870
42339,4217	4,2873
42359,4355	4,2873
42379,4492	4,2873
42399,4630	4,2873
42419,4767	4,2873
42439,4904	4,2876
42459,5042	4,2876
42479,5179	4,2876
42499,5316	4,2876
42519,5454	4,2873
42539,5591	4,2879
42559,5729	4,2876
42579,5866	4,2879
42599,6004	4,2879
42619,6142	4,2879
42639,6278	4,2879
42659,6416	4,2882
42679,6553	4,2879
42699,6691	4,2882
42719,6828	4,2885
42739,6966	4,2882
42759,7102	4,2882
42779,7240	4,2882
42799,7378	4,2882
42819,7516	4,2882
42839,7653	4,2882
42859,7790	4,2882
42879,7927	4,2885
42899,8065	4,2888
42919,8202	4,2885
42939,8340	4,2888
42959,8477	4,2888
42979,8615	4,2888
42999,8752	4,2891
43019,8889	4,2891
43039,9027	4,2888
43059,9164	4,2888
43079,9303	4,2891
43099,9439	4,2891
43119,9577	4,2891
43139,9714	4,2891
43159,9852	4,2891
43179,9989	4,2894
43200,0126	4,2894
43220,0264	4,2894
43240,0401	4,2894
43260,0539	4,2894
43280,0676	4,2897
43300,0813	4,2897
43320,0951	4,2894
43340,1088	4,2897
43360,1226	4,2900
43380,1363	4,2900
43400,1500	4,2900
43420,1638	4,2900
43440,1775	4,2900
43460,1912	4,2900
43480,2049	4,2900
43500,2188	4,2904
43520,2325	4,2904
43540,2461	4,2907
43560,2599	4,2907
43580,2737	4,2904
43600,2873	4,2907
43620,3012	4,2907
43640,3149	4,2907
43660,3286	4,2910
43680,3424	4,2910
43700,3562	4,2910
43720,3698	4,2910
43740,3836	4,2913
43760,3974	4,2913
43780,4110	4,2910
43800,4249	4,2913
43820,4387	4,2916
43840,4522	4,2916
43860,4661	4,2916
43880,4798	4,2913
43900,4934	4,2919
43920,5073	4,2916
43940,5210	4,2916
43960,5347	4,2919
43980,5485	4,2916
44000,5623	4,2919
44020,5759	4,2919
44040,5898	4,2919
44060,6035	4,2922
44080,6172	4,2922
44100,6310	4,2922
44120,6447	4,2922
44140,6584	4,2925
44160,6722	4,2925
44180,6859	4,2925
44200,6996	4,2928
44220,7134	4,2925
44240,7272	4,2928
44260,7408	4,2925
44280,7547	4,2928
44300,7684	4,2928
44320,7821	4,2931
44340,7959	4,2931
44360,8097	4,2931
44380,8233	4,2931
44400,8371	4,2934
44420,8508	4,2931
44440,8645	4,2931
44460,8783	4,2938
44480,8921	4,2938
44500,9057	4,2938
44520,9196	4,2938
44540,9333	4,2938
44560,9471	4,2938
44580,9608	4,2938
44600,9745	4,2941
44620,9882	4,2941
44641,0020	4,2938
44661,0158	4,2941
44681,0295	4,2944
44701,0432	4,2941
44721,0571	4,2944
44741,0707	4,2944
44761,0845	4,2944
44781,0982	4,2947
44801,1119	4,2947
44821,1257	4,2944
44841,1395	4,2947
44861,1531	4,2950
44881,1669	4,2950
44901,1807	4,2953
44921,1944	4,2950
44941,2081	4,2953
44961,2219	4,2953
44981,2356	4,2953
45001,2494	4,2956
45021,2631	4,2956
45041,2768	4,2953
45061,2906	4,2959
45081,3043	4,2959
45101,3181	4,2956
45121,3319	4,2959
45141,3456	4,2959
45161,3593	4,2962
45181,3730	4,2962
45201,3868	4,2965
45221,4005	4,2965
45241,4143	4,2965
45261,4280	4,2965
45281,4417	4,2965
45301,4555	4,2965
45321,4693	4,2968
45341,4830	4,2968
45361,4967	4,2971
45381,5106	4,2971
45401,5242	4,2971
45421,5380	4,2968
45441,5517	4,2975
45461,5654	4,2975
45481,5792	4,2978
45501,5929	4,2978
45521,6067	4,2975
45541,6204	4,2975
45561,6341	4,2981
45581,6479	4,2978
45601,6616	4,2981
45621,6753	4,2981
45641,6891	4,2984
45661,7028	4,2984
45681,7166	4,2987
45701,7303	4,2987
45721,7441	4,2984
45741,7578	4,2987
45761,7716	4,2990
45781,7853	4,2987
45801,7990	4,2990
45821,8128	4,2990
45841,8266	4,2990
45861,8403	4,2993
45881,8540	4,2993
45901,8677	4,2996
45921,8815	4,2996
45941,8952	4,2999
45961,9089	4,2993
45981,9227	4,2999
46001,9365	4,2999
46021,9502	4,3002
46041,9639	4,2999
46061,9777	4,3005
46081,9914	4,3002
46102,0052	4,3002
46122,0189	4,3009
46142,0329	4,3005
46162,0464	4,3009
46182,0601	4,3009
46202,0739	4,3009
46222,0876	4,3015
46242,1014	4,3012
46262,1151	4,3015
46282,1288	4,3015
46302,1426	4,3015
46322,1563	4,3015
46342,1701	4,3015
46362,1838	4,3018
46382,1976	4,3021
46402,2113	4,3021
46422,2251	4,3021
46442,2388	4,3024
46462,2525	4,3024
46482,2663	4,3027
46502,2800	4,3024
46522,2938	4,3027
46542,3075	4,3030
46562,3212	4,3030
46582,3350	4,3030
46602,3489	4,3030
46622,3624	4,3033
46642,3762	4,3033
46662,3900	4,3036
46682,4037	4,3036
46702,4175	4,3036
46722,4312	4,3039
46742,4449	4,3039
46762,4586	4,3043
46782,4724	4,3039
46802,4861	4,3043
46822,4999	4,3049
46842,5137	4,3046
46862,5274	4,3049
46882,5411	4,3049
46902,5549	4,3049
46922,5686	4,3052
46942,5823	4,3052
46962,5961	4,3055
46982,6098	4,3055
47002,6235	4,3055
47022,6373	4,3055
47042,6510	4,3061
47062,6648	4,3061
47082,6785	4,3061
47102,6923	4,3064
47122,7060	4,3064
47142,7198	4,3070
47162,7335	4,3067
47182,7472	4,3070
47202,7609	4,3073
47222,7747	4,3070
47242,7885	4,3073
47262,8023	4,3073
47282,8159	4,3073
47302,8297	4,3080
47322,8434	4,3080
47342,8572	4,3080
47362,8709	4,3083
47382,8846	4,3086
47402,8984	4,3086
47422,9122	4,3086
47442,9261	4,3089
47462,9396	4,3089
47482,9534	4,3089
47502,9670	4,3089
47522,9809	4,3095
47542,9946	4,3095
47563,0083	4,3098
47583,0221	4,3098
47603,0358	4,3101
47623,0495	4,3104
47643,0633	4,3104
47663,0770	4,3104
47683,0908	4,3104
47703,1045	4,3111
47723,1183	4,3111
47743,1320	4,3114
47763,1457	4,3114
47783,1595	4,3117
47803,1732	4,3117
47823,1870	4,3120
47843,2007	4,3120
47863,2145	4,3123
47883,2282	4,3126
47903,2419	4,3126
47923,2557	4,3126
47943,2694	4,3129
47963,2832	4,3132
47983,2969	4,3135
48003,3107	4,3135
48023,3243	4,3138
48043,3381	4,3138
48063,3518	4,3138
48083,3656	4,3138
48103,3793	4,3141
48123,3931	4,3144
48143,4068	4,3148
48163,4206	4,3151
48183,4343	4,3151
48203,4480	4,3157
48223,4618	4,3154
48243,4756	4,3160
48263,4893	4,3157
48283,5030	4,3163
48303,5167	4,3166
48323,5305	4,3169
48343,5443	4,3169
48363,5580	4,3166
48383,5717	4,3172
48403,5855	4,3175
48423,5992	4,3175
48443,6130	4,3178
48463,6267	4,3178
48483,6405	4,3185
48503,6542	4,3185
48523,6679	4,3188
48543,6817	4,3188
48563,6955	4,3191
48583,7092	4,3191
48603,7230	4,3200
48623,7366	4,3200
48643,7504	4,3200
48663,7641	4,3203
48683,7779	4,3206
48703,7916	4,3206
48723,8053	4,3212
48743,8194	4,3212
48763,8328	4,3216
48783,8466	4,3212
48803,8603	4,3219
48823,8741	4,3222
48843,8878	4,3222
48863,9015	4,3225
48883,9153	4,3225
48903,9290	4,3231
48923,9427	4,3234
48943,9565	4,3237
48963,9703	4,3237
48983,9840	4,3240
49003,9977	4,3243
49024,0115	4,3246
49044,0252	4,3246
49064,0389	4,3253
49084,0527	4,3253
49104,0664	4,3259
49124,0802	4,3259
49144,0939	4,3265
49164,1076	4,3265
49184,1214	4,3268
49204,1352	4,3271
49224,1489	4,3271
49244,1626	4,3277
49264,1764	4,3277
49284,1902	4,3280
49304,2038	4,3284
49324,2176	4,3287
49344,2313	4,3290
49364,2452	4,3290
49384,2588	4,3296
49404,2726	4,3299
49424,2863	4,3299
49444,3000	4,3302
49464,3138	4,3308
49484,3275	4,3311
49504,3413	4,3314
49524,3550	4,3314
49544,3687	4,3318
49564,3825	4,3321
49584,3962	4,3324
49604,4100	4,3330
49624,4237	4,3330
49644,4374	4,3333
49664,4513	4,3336
49684,4649	4,3339
49704,4787	4,3342
49724,4924	4,3348
49744,5062	4,3351
49764,5199	4,3351
49784,5336	4,3355
49804,5474	4,3358
49824,5611	4,3364
49844,5749	4,3367
49864,5886	4,3370
49884,6024	4,3373
49904,6161	4,3376
49924,6299	4,3382
49944,6435	4,3382
49964,6573	4,3389
49984,6711	4,3385
50004,6848	4,3392
50024,6986	4,3401
50044,7124	4,3398
50064,7260	4,3404
50084,7398	4,3407
50104,7535	4,3410
50124,7673	4,3413
50144,7810	4,3416
50164,7948	4,3419
50184,8085	4,3423
50204,8222	4,3426
50224,8360	4,3432
50244,8497	4,3432
50264,8635	4,3438
50284,8772	4,3444
50304,8909	4,3444
50324,9047	4,3450
50344,9184	4,3453
50364,9322	4,3457
50384,9459	4,3457
50404,9597	4,3466
50424,9734	4,3472
50444,9871	4,3472
50465,0009	4,3478
50485,0146	4,3481
50505,0283	4,3484
50525,0421	4,3484
50545,0558	4,3491
50565,0696	4,3497
50585,0834	4,3503
50605,0971	4,3503
50625,1109	4,3509
50645,1245	4,3512
50665,1383	4,3518
50685,1520	4,3518
50705,1660	4,3524
50725,1795	4,3528
50745,1932	4,3534
50765,2070	4,3534
50785,2207	4,3537
50805,2345	4,3540
50825,2482	4,3549
50845,2620	4,3552
50865,2757	4,3555
50885,2895	4,3558
50905,3032	4,3568
50925,3169	4,3568
50945,3307	4,3574
50965,3445	4,3580
50985,3582	4,3583
51005,3718	4,3586
51025,3856	4,3596
51045,3994	4,3596
51065,4131	4,3602
51085,4269	4,3605
51105,4406	4,3611
51125,4543	4,3614
51145,4681	4,3617
51165,4818	4,3620
51185,4956	4,3626
51205,5093	4,3630
51225,5231	4,3636
51245,5368	4,3642
51265,5505	4,3645
51285,5643	4,3648
51305,5780	4,3654
51325,5918	4,3657
51345,6057	4,3660
51365,6193	4,3667
51385,6330	4,3673
51405,6468	4,3676
51425,6606	4,3682
51445,6742	4,3682
51465,6880	4,3688
51485,7017	4,3698
51505,7154	4,3701
51525,7292	4,3704
51545,7429	4,3707
51565,7567	4,3713
51585,7704	4,3722
51605,7842	4,3725
51625,7979	4,3731
51645,8116	4,3735
51665,8254	4,3735
51685,8391	4,3741
51705,8529	4,3747
51725,8666	4,3750
51745,8804	4,3756
51765,8941	4,3762
51785,9078	4,3765
51805,9217	4,3772
51825,9353	4,3778
51845,9491	4,3778
51865,9628	4,3787
51885,9765	4,3787
51905,9903	4,3793
51926,0040	4,3799
51946,0178	4,3803
51966,0315	4,3812
51986,0452	4,3815
52006,0590	4,3824
52026,0727	4,3824
52046,0864	4,3830
52066,1002	4,3833
52086,1140	4,3840
52106,1278	4,3846
52126,1414	4,3849
52146,1552	4,3855
52166,1689	4,3858
52186,1827	4,3864
52206,1964	4,3871
52226,2101	4,3877
52246,2239	4,3880
52266,2378	4,3886
52286,2514	4,3889
52306,2651	4,3895
52326,2788	4,3901
52346,2926	4,3904
52366,3063	4,3911
52386,3201	4,3917
52406,3338	4,3920
52426,3476	4,3926
52446,3613	4,3932
52466,3751	4,3938
52486,3888	4,3938
52506,4025	4,3945
52526,4163	4,3951
52546,4300	4,3954
52566,4438	4,3963
52586,4575	4,3963
52606,4713	4,3972
52626,4851	4,3979
52646,4989	4,3982
52666,5125	4,3985
52686,5262	4,3991
52701,9070	4,4000
