t /s	T /°C	HF /mw
14.938	148.132	-1.101
14.946	148.215	-1.101
14.955	148.298	-1.101
14.963	148.381	-1.101
14.971	148.464	-1.101
14.980	148.548	-1.100
14.988	148.631	-1.100
14.996	148.714	-1.100
15.005	148.798	-1.100
15.013	148.881	-1.100
15.021	148.964	-1.099
15.030	149.048	-1.099
15.038	149.131	-1.099
15.046	149.214	-1.099
15.055	149.298	-1.099
15.063	149.381	-1.099
15.071	149.465	-1.098
15.080	149.548	-1.098
15.088	149.631	-1.098
15.096	149.715	-1.098
15.105	149.797	-1.097
15.113	149.881	-1.097
15.121	149.965	-1.097
15.130	150.048	-1.097
15.138	150.131	-1.096
15.146	150.215	-1.096
15.155	150.298	-1.096
15.163	150.381	-1.096
15.171	150.464	-1.096
15.180	150.548	-1.095
15.188	150.631	-1.095
15.196	150.715	-1.095
15.205	150.798	-1.095
15.213	150.881	-1.095
15.221	150.964	-1.094
15.230	151.048	-1.094
15.238	151.131	-1.094
15.246	151.214	-1.094
15.255	151.298	-1.094
15.263	151.381	-1.093
15.271	151.464	-1.093
15.280	151.547	-1.093
15.288	151.631	-1.092
15.296	151.714	-1.092
15.305	151.798	-1.092
15.313	151.881	-1.092
15.321	151.964	-1.091
15.330	152.048	-1.091
15.338	152.131	-1.091
15.346	152.214	-1.091
15.355	152.298	-1.090
15.363	152.381	-1.090
15.371	152.464	-1.090
15.380	152.548	-1.090
15.388	152.631	-1.089
15.396	152.715	-1.089
15.405	152.798	-1.089
15.413	152.881	-1.089
15.421	152.964	-1.088
15.430	153.047	-1.088
15.438	153.131	-1.088
15.446	153.215	-1.088
15.455	153.297	-1.087
15.463	153.381	-1.087
15.471	153.464	-1.087
15.480	153.548	-1.087
15.488	153.631	-1.086
15.496	153.714	-1.086
15.505	153.798	-1.086
15.513	153.881	-1.086
15.521	153.964	-1.085
15.530	154.048	-1.085
15.538	154.131	-1.085
15.546	154.215	-1.085
15.555	154.298	-1.085
15.563	154.381	-1.084
15.571	154.465	-1.084
15.580	154.548	-1.084
15.588	154.631	-1.084
15.596	154.715	-1.084
15.605	154.798	-1.083
15.613	154.881	-1.083
15.621	154.964	-1.083
15.630	155.048	-1.083
15.638	155.131	-1.082
15.646	155.214	-1.082
15.655	155.297	-1.082
15.663	155.381	-1.082
15.671	155.464	-1.082
15.680	155.548	-1.081
15.688	155.631	-1.081
15.696	155.715	-1.081
15.705	155.798	-1.081
15.713	155.881	-1.081
15.721	155.965	-1.080
15.730	156.048	-1.080
15.738	156.132	-1.080
15.746	156.214	-1.080
15.755	156.298	-1.080
15.763	156.381	-1.080
15.771	156.465	-1.079
15.780	156.548	-1.079
15.788	156.632	-1.079
15.796	156.715	-1.079
15.805	156.798	-1.079
15.813	156.882	-1.078
15.821	156.965	-1.078
15.830	157.048	-1.078
15.838	157.131	-1.078
15.846	157.215	-1.078
15.855	157.299	-1.078
15.863	157.382	-1.077
15.871	157.465	-1.077
15.880	157.548	-1.077
15.888	157.632	-1.077
15.896	157.716	-1.077
15.905	157.798	-1.076
15.913	157.883	-1.076
15.921	157.965	-1.076
15.930	158.049	-1.076
15.938	158.132	-1.076
15.946	158.215	-1.076
15.955	158.298	-1.075
15.963	158.382	-1.075
15.971	158.465	-1.075
15.980	158.549	-1.075
15.988	158.632	-1.075
15.996	158.715	-1.074
16.005	158.798	-1.074
16.013	158.881	-1.074
16.021	158.965	-1.074
16.030	159.048	-1.074
16.038	159.132	-1.074
16.046	159.215	-1.073
16.055	159.299	-1.073
16.063	159.381	-1.073
16.071	159.466	-1.073
16.080	159.548	-1.073
16.088	159.632	-1.072
16.096	159.715	-1.072
16.105	159.798	-1.072
16.113	159.881	-1.072
16.121	159.965	-1.072
16.130	160.048	-1.071
16.138	160.131	-1.071
16.146	160.215	-1.071
16.155	160.298	-1.071
16.163	160.381	-1.071
16.171	160.465	-1.070
16.180	160.549	-1.070
16.188	160.631	-1.070
16.196	160.715	-1.070
16.205	160.798	-1.070
16.213	160.881	-1.069
16.221	160.965	-1.069
16.230	161.048	-1.069
16.238	161.132	-1.069
16.246	161.215	-1.069
16.255	161.298	-1.068
16.263	161.382	-1.068
16.271	161.465	-1.068
16.280	161.548	-1.068
16.288	161.632	-1.068
16.296	161.715	-1.067
16.305	161.799	-1.067
16.313	161.882	-1.067
16.321	161.965	-1.067
16.330	162.048	-1.066
16.338	162.131	-1.066
16.346	162.215	-1.066
16.355	162.299	-1.066
16.363	162.381	-1.066
16.371	162.465	-1.065
16.380	162.549	-1.065
16.388	162.632	-1.065
16.396	162.715	-1.065
16.405	162.798	-1.065
16.413	162.881	-1.064
16.421	162.965	-1.064
16.430	163.048	-1.064
16.438	163.131	-1.064
16.446	163.214	-1.064
16.455	163.298	-1.063
16.463	163.381	-1.063
16.471	163.464	-1.063
16.480	163.548	-1.063
16.488	163.632	-1.063
16.496	163.715	-1.062
16.505	163.798	-1.062
16.513	163.881	-1.062
16.521	163.965	-1.062
16.530	164.049	-1.062
16.538	164.132	-1.062
16.546	164.215	-1.062
16.555	164.298	-1.061
16.563	164.381	-1.061
16.571	164.465	-1.061
16.580	164.549	-1.061
16.588	164.632	-1.061
16.596	164.715	-1.061
16.605	164.799	-1.061
16.613	164.882	-1.060
16.621	164.965	-1.060
16.630	165.047	-1.060
16.638	165.132	-1.060
16.646	165.215	-1.060
16.655	165.299	-1.060
16.663	165.382	-1.059
16.671	165.465	-1.059
16.680	165.548	-1.059
16.688	165.632	-1.059
16.696	165.715	-1.059
16.705	165.799	-1.059
16.713	165.882	-1.058
16.721	165.965	-1.058
16.730	166.049	-1.058
16.738	166.132	-1.058
16.746	166.215	-1.058
16.755	166.299	-1.058
16.763	166.381	-1.057
16.771	166.466	-1.057
16.780	166.549	-1.057
16.788	166.632	-1.057
16.796	166.715	-1.057
16.805	166.799	-1.057
16.813	166.882	-1.057
16.821	166.965	-1.056
16.830	167.048	-1.056
16.838	167.132	-1.056
16.846	167.215	-1.056
16.855	167.299	-1.056
16.863	167.382	-1.056
16.871	167.466	-1.056
16.880	167.549	-1.055
16.888	167.632	-1.055
16.896	167.715	-1.055
16.905	167.799	-1.055
16.913	167.882	-1.055
16.921	167.965	-1.055
16.930	168.049	-1.055
16.938	168.132	-1.054
16.946	168.215	-1.054
16.955	168.299	-1.054
16.963	168.382	-1.054
16.971	168.466	-1.054
16.980	168.549	-1.054
16.988	168.632	-1.054
16.996	168.716	-1.054
17.005	168.798	-1.053
17.013	168.882	-1.053
17.021	168.965	-1.053
17.030	169.049	-1.053
17.038	169.132	-1.053
17.046	169.215	-1.053
17.055	169.299	-1.053
17.063	169.382	-1.053
17.071	169.466	-1.053
17.080	169.549	-1.052
17.088	169.632	-1.052
17.096	169.715	-1.052
17.105	169.799	-1.052
17.113	169.882	-1.052
17.121	169.965	-1.052
17.130	170.048	-1.052
17.138	170.132	-1.052
17.146	170.216	-1.052
17.155	170.299	-1.051
17.163	170.382	-1.051
17.171	170.466	-1.051
17.180	170.549	-1.051
17.188	170.632	-1.051
17.196	170.715	-1.051
17.205	170.799	-1.051
17.213	170.882	-1.051
17.221	170.966	-1.050
17.230	171.049	-1.050
17.238	171.132	-1.050
17.246	171.216	-1.050
17.255	171.299	-1.050
17.263	171.382	-1.050
17.271	171.466	-1.050
17.280	171.549	-1.049
17.288	171.632	-1.049
17.296	171.716	-1.049
17.305	171.799	-1.049
17.313	171.882	-1.049
17.321	171.965	-1.049
17.330	172.048	-1.048
17.338	172.132	-1.048
17.346	172.215	-1.048
17.355	172.299	-1.048
17.363	172.382	-1.048
17.371	172.466	-1.047
17.380	172.549	-1.047
17.388	172.632	-1.047
17.396	172.715	-1.047
17.405	172.798	-1.047
17.413	172.882	-1.046
17.421	172.966	-1.046
17.430	173.048	-1.046
17.438	173.132	-1.046
17.446	173.216	-1.046
17.455	173.299	-1.045
17.463	173.382	-1.045
17.471	173.465	-1.045
17.480	173.548	-1.045
17.488	173.632	-1.045
17.496	173.715	-1.044
17.505	173.798	-1.044
17.513	173.882	-1.044
17.521	173.964	-1.044
17.530	174.048	-1.043
17.538	174.131	-1.043
17.546	174.215	-1.043
17.555	174.298	-1.043
17.563	174.382	-1.043
17.571	174.465	-1.042
17.580	174.548	-1.042
17.588	174.631	-1.042
17.596	174.715	-1.042
17.605	174.798	-1.042
17.613	174.882	-1.041
17.621	174.965	-1.041
17.630	175.048	-1.041
17.638	175.132	-1.041
17.646	175.215	-1.041
17.655	175.298	-1.040
17.663	175.382	-1.040
17.671	175.465	-1.040
17.680	175.548	-1.040
17.688	175.631	-1.039
17.696	175.715	-1.039
17.705	175.798	-1.039
17.713	175.882	-1.039
17.721	175.965	-1.039
17.730	176.049	-1.038
17.738	176.131	-1.038
17.746	176.215	-1.038
17.755	176.298	-1.038
17.763	176.381	-1.038
17.771	176.465	-1.037
17.780	176.548	-1.037
17.788	176.631	-1.037
17.796	176.715	-1.037
17.805	176.798	-1.036
17.813	176.882	-1.036
17.821	176.965	-1.036
17.830	177.049	-1.036
17.838	177.132	-1.036
17.846	177.215	-1.036
17.855	177.299	-1.035
17.863	177.381	-1.035
17.871	177.465	-1.035
17.880	177.549	-1.035
17.888	177.631	-1.035
17.896	177.715	-1.034
17.905	177.798	-1.034
17.913	177.882	-1.034
17.921	177.965	-1.034
17.930	178.049	-1.034
17.938	178.131	-1.033
17.946	178.215	-1.033
17.955	178.299	-1.033
17.963	178.382	-1.033
17.971	178.465	-1.033
17.980	178.549	-1.032
17.988	178.632	-1.032
17.996	178.716	-1.032
18.005	178.799	-1.032
18.013	178.882	-1.032
18.021	178.965	-1.031
18.030	179.048	-1.031
18.038	179.132	-1.031
18.046	179.216	-1.031
18.055	179.299	-1.031
18.063	179.382	-1.030
18.071	179.465	-1.030
18.080	179.549	-1.030
18.088	179.633	-1.030
18.096	179.716	-1.030
18.105	179.799	-1.030
18.113	179.882	-1.030
18.121	179.966	-1.029
18.130	180.049	-1.029
18.138	180.133	-1.029
18.146	180.216	-1.029
18.155	180.299	-1.029
18.163	180.382	-1.029
18.171	180.465	-1.028
18.180	180.548	-1.028
18.188	180.632	-1.028
18.196	180.716	-1.028
18.205	180.798	-1.028
18.213	180.882	-1.028
18.221	180.966	-1.028
18.230	181.049	-1.027
18.238	181.132	-1.027
18.246	181.215	-1.027
18.255	181.298	-1.027
18.263	181.382	-1.027
18.271	181.465	-1.027
18.280	181.549	-1.027
18.288	181.632	-1.026
18.296	181.715	-1.026
18.305	181.798	-1.026
18.313	181.882	-1.026
18.321	181.964	-1.026
18.330	182.048	-1.025
18.338	182.132	-1.025
18.346	182.215	-1.025
18.355	182.298	-1.025
18.363	182.382	-1.025
18.371	182.465	-1.025
18.380	182.549	-1.024
18.388	182.631	-1.024
18.396	182.715	-1.024
18.405	182.799	-1.024
18.413	182.882	-1.024
18.421	182.966	-1.023
18.430	183.048	-1.023
18.438	183.132	-1.023
18.446	183.215	-1.023
18.455	183.299	-1.023
18.463	183.382	-1.022
18.471	183.465	-1.022
18.480	183.549	-1.022
18.488	183.632	-1.022
18.496	183.715	-1.022
18.505	183.798	-1.021
18.513	183.882	-1.021
18.521	183.965	-1.021
18.530	184.048	-1.021
18.538	184.132	-1.021
18.546	184.215	-1.020
18.555	184.298	-1.020
18.563	184.382	-1.020
18.571	184.465	-1.020
18.580	184.549	-1.020
18.588	184.632	-1.020
18.596	184.715	-1.019
18.605	184.798	-1.019
18.613	184.882	-1.019
18.621	184.965	-1.019
18.630	185.048	-1.019
18.638	185.131	-1.019
18.646	185.215	-1.018
18.655	185.298	-1.018
18.663	185.382	-1.018
18.671	185.465	-1.018
18.680	185.548	-1.018
18.688	185.631	-1.018
18.696	185.716	-1.018
18.705	185.799	-1.017
18.713	185.882	-1.017
18.721	185.965	-1.017
18.730	186.048	-1.017
18.738	186.132	-1.017
18.746	186.215	-1.017
18.755	186.298	-1.017
18.763	186.382	-1.017
18.771	186.465	-1.016
18.780	186.548	-1.016
18.788	186.631	-1.016
18.796	186.715	-1.016
18.805	186.798	-1.016
18.813	186.881	-1.016
18.821	186.965	-1.016
18.830	187.048	-1.016
18.838	187.131	-1.015
18.846	187.215	-1.015
18.855	187.299	-1.015
18.863	187.381	-1.015
18.871	187.465	-1.015
18.880	187.548	-1.015
18.888	187.631	-1.015
18.896	187.715	-1.015
18.905	187.798	-1.015
18.913	187.882	-1.014
18.921	187.965	-1.014
18.930	188.048	-1.014
18.938	188.132	-1.014
18.946	188.214	-1.014
18.955	188.298	-1.014
18.963	188.381	-1.014
18.971	188.465	-1.014
18.980	188.548	-1.014
18.988	188.631	-1.014
18.996	188.715	-1.013
19.005	188.798	-1.013
19.013	188.882	-1.013
19.021	188.964	-1.013
19.030	189.048	-1.013
19.038	189.131	-1.013
19.046	189.215	-1.013
19.055	189.298	-1.013
19.063	189.382	-1.013
19.071	189.465	-1.013
19.080	189.548	-1.013
19.088	189.631	-1.012
19.096	189.715	-1.012
19.105	189.798	-1.012
19.113	189.881	-1.012
19.121	189.965	-1.012
19.130	190.048	-1.012
19.138	190.131	-1.012
19.146	190.214	-1.012
19.155	190.298	-1.012
19.163	190.381	-1.012
19.171	190.464	-1.012
19.180	190.548	-1.012
19.188	190.631	-1.011
19.196	190.714	-1.011
19.205	190.798	-1.011
19.213	190.881	-1.011
19.221	190.964	-1.011
19.230	191.048	-1.011
19.238	191.131	-1.011
19.246	191.214	-1.011
19.255	191.298	-1.011
19.263	191.381	-1.011
19.271	191.465	-1.011
19.280	191.548	-1.011
19.288	191.631	-1.010
19.296	191.714	-1.010
19.305	191.798	-1.010
19.313	191.881	-1.010
19.321	191.964	-1.010
19.330	192.048	-1.010
19.338	192.131	-1.010
19.346	192.214	-1.010
19.355	192.298	-1.010
19.363	192.381	-1.010
19.371	192.464	-1.010
19.380	192.548	-1.009
19.388	192.631	-1.009
19.396	192.714	-1.009
19.405	192.797	-1.009
19.413	192.881	-1.009
19.421	192.964	-1.009
19.430	193.048	-1.009
19.438	193.131	-1.009
19.446	193.214	-1.009
19.455	193.297	-1.009
19.463	193.381	-1.009
19.471	193.464	-1.009
19.480	193.548	-1.009
19.488	193.631	-1.009
19.496	193.714	-1.009
19.505	193.798	-1.009
19.513	193.881	-1.009
19.521	193.964	-1.008
19.530	194.048	-1.008
19.538	194.131	-1.008
19.546	194.214	-1.008
19.555	194.297	-1.008
19.563	194.380	-1.008
19.571	194.464	-1.008
19.580	194.547	-1.008
19.588	194.631	-1.008
19.596	194.714	-1.008
19.605	194.798	-1.008
19.613	194.881	-1.008
19.621	194.964	-1.008
19.630	195.047	-1.008
19.638	195.131	-1.008
19.646	195.214	-1.007
19.655	195.298	-1.007
19.663	195.381	-1.007
19.671	195.464	-1.007
19.680	195.547	-1.007
19.688	195.631	-1.007
19.696	195.714	-1.007
19.705	195.797	-1.007
19.713	195.881	-1.007
19.721	195.964	-1.007
19.730	196.047	-1.007
19.738	196.131	-1.007
19.746	196.214	-1.007
19.755	196.297	-1.007
19.763	196.381	-1.007
19.771	196.464	-1.007
19.780	196.547	-1.006
19.788	196.630	-1.006
19.796	196.714	-1.006
19.805	196.797	-1.006
19.813	196.880	-1.006
19.821	196.964	-1.006
19.830	197.047	-1.006
19.838	197.131	-1.006
19.846	197.214	-1.006
19.855	197.297	-1.006
19.863	197.380	-1.006
19.871	197.463	-1.006
19.880	197.547	-1.006
19.888	197.631	-1.006
19.896	197.714	-1.005
19.905	197.797	-1.005
19.913	197.880	-1.005
19.921	197.963	-1.005
19.930	198.047	-1.005
19.938	198.131	-1.005
19.946	198.214	-1.005
19.955	198.297	-1.005
19.963	198.381	-1.005
19.971	198.463	-1.005
19.980	198.547	-1.005
19.988	198.630	-1.005
19.996	198.714	-1.005
20.005	198.797	-1.005
20.013	198.880	-1.005
20.021	198.964	-1.005
20.030	199.047	-1.005
20.038	199.130	-1.005
20.046	199.213	-1.005
20.055	199.297	-1.005
20.063	199.380	-1.005
20.071	199.463	-1.005
20.080	199.546	-1.005
20.088	199.630	-1.005
20.096	199.713	-1.005
20.105	199.797	-1.005
20.113	199.881	-1.005
20.121	199.963	-1.005
20.130	200.047	-1.005
20.138	200.130	-1.005
20.146	200.213	-1.004
20.155	200.296	-1.004
20.163	200.380	-1.004
20.171	200.464	-1.004
20.180	200.546	-1.004
20.188	200.630	-1.004
20.196	200.713	-1.004
20.205	200.797	-1.004
20.213	200.880	-1.004
20.221	200.964	-1.004
20.230	201.047	-1.004
20.238	201.130	-1.004
20.246	201.214	-1.004
20.255	201.297	-1.004
20.263	201.380	-1.004
20.271	201.464	-1.004
20.280	201.547	-1.004
20.288	201.630	-1.004
20.296	201.713	-1.004
20.305	201.797	-1.004
20.313	201.880	-1.004
20.321	201.963	-1.004
20.330	202.047	-1.003
20.338	202.130	-1.003
20.346	202.213	-1.003
20.355	202.297	-1.003
20.363	202.380	-1.003
20.371	202.463	-1.003
20.380	202.547	-1.003
20.388	202.629	-1.003
20.396	202.713	-1.003
20.405	202.796	-1.003
20.413	202.879	-1.003
20.421	202.963	-1.003
20.430	203.046	-1.003
20.438	203.129	-1.003
20.446	203.212	-1.003
20.455	203.296	-1.002
20.463	203.380	-1.002
20.471	203.463	-1.002
20.480	203.546	-1.002
20.488	203.629	-1.002
20.496	203.713	-1.002
20.505	203.796	-1.002
20.513	203.879	-1.002
20.521	203.963	-1.002
20.530	204.046	-1.002
20.538	204.129	-1.002
20.546	204.212	-1.002
20.555	204.296	-1.002
20.563	204.378	-1.002
20.571	204.462	-1.001
20.580	204.546	-1.001
20.588	204.630	-1.001
20.596	204.713	-1.001
20.605	204.796	-1.001
20.613	204.879	-1.001
20.621	204.963	-1.001
20.630	205.045	-1.001
20.638	205.129	-1.001
20.646	205.212	-1.001
20.655	205.295	-1.000
20.663	205.379	-1.000
20.671	205.462	-1.000
20.680	205.546	-1.000
20.688	205.629	-1.000
20.696	205.712	-1.000
20.705	205.795	-1.000
20.713	205.879	-0.999
20.721	205.962	-0.999
20.730	206.046	-0.999
20.738	206.129	-0.999
20.746	206.212	-0.999
20.755	206.295	-0.999
20.763	206.379	-0.999
20.771	206.462	-0.999
20.780	206.545	-0.999
20.788	206.629	-0.998
20.796	206.713	-0.998
20.805	206.796	-0.998
20.813	206.879	-0.998
20.821	206.962	-0.998
20.830	207.045	-0.998
20.838	207.128	-0.998
20.846	207.212	-0.998
20.855	207.295	-0.998
20.863	207.379	-0.998
20.871	207.462	-0.997
20.880	207.545	-0.997
20.888	207.629	-0.997
20.896	207.712	-0.997
20.905	207.795	-0.997
20.913	207.878	-0.997
20.921	207.962	-0.997
20.930	208.045	-0.997
20.938	208.129	-0.997
20.946	208.212	-0.997
20.955	208.295	-0.997
20.963	208.378	-0.996
20.971	208.462	-0.996
20.980	208.545	-0.996
20.988	208.629	-0.996
20.996	208.712	-0.996
21.005	208.795	-0.996
21.013	208.879	-0.996
21.021	208.962	-0.996
21.030	209.045	-0.996
21.038	209.129	-0.996
21.046	209.212	-0.996
21.055	209.295	-0.996
21.063	209.379	-0.995
21.071	209.461	-0.995
21.080	209.545	-0.995
21.088	209.628	-0.995
21.096	209.711	-0.995
21.105	209.794	-0.995
21.113	209.878	-0.995
21.121	209.961	-0.995
21.130	210.045	-0.995
21.138	210.128	-0.995
21.146	210.211	-0.995
21.155	210.294	-0.995
21.163	210.378	-0.995
21.171	210.461	-0.995
21.180	210.545	-0.995
21.188	210.628	-0.995
21.196	210.711	-0.995
21.205	210.795	-0.995
21.213	210.878	-0.995
21.221	210.961	-0.995
21.230	211.044	-0.995
21.238	211.127	-0.995
21.246	211.211	-0.995
21.255	211.294	-0.995
21.263	211.378	-0.994
21.271	211.461	-0.994
21.280	211.544	-0.994
21.288	211.627	-0.994
21.296	211.711	-0.994
21.305	211.794	-0.994
21.313	211.877	-0.994
21.321	211.960	-0.994
21.330	212.044	-0.994
21.338	212.127	-0.994
21.346	212.210	-0.994
21.355	212.294	-0.994
21.363	212.377	-0.994
21.371	212.461	-0.994
21.380	212.544	-0.994
21.388	212.627	-0.994
21.396	212.710	-0.994
21.405	212.794	-0.994
21.413	212.878	-0.994
21.421	212.961	-0.994
21.430	213.044	-0.994
21.438	213.128	-0.994
21.446	213.210	-0.994
21.455	213.293	-0.994
21.463	213.377	-0.994
21.471	213.461	-0.994
21.480	213.543	-0.994
21.488	213.627	-0.994
21.496	213.711	-0.994
21.505	213.793	-0.994
21.513	213.877	-0.994
21.521	213.960	-0.994
21.530	214.043	-0.994
21.538	214.126	-0.994
21.546	214.210	-0.994
21.555	214.293	-0.994
21.563	214.377	-0.994
21.571	214.461	-0.994
21.580	214.544	-0.994
21.588	214.627	-0.994
21.596	214.710	-0.994
21.605	214.793	-0.994
21.613	214.876	-0.994
21.621	214.960	-0.994
21.630	215.043	-0.994
21.638	215.126	-0.993
21.646	215.209	-0.993
21.655	215.293	-0.993
21.663	215.377	-0.993
21.671	215.460	-0.993
21.680	215.543	-0.993
21.688	215.627	-0.993
21.696	215.710	-0.993
21.705	215.793	-0.993
21.713	215.876	-0.993
21.721	215.960	-0.993
21.730	216.043	-0.993
21.738	216.127	-0.993
21.746	216.209	-0.993
21.755	216.293	-0.993
21.763	216.377	-0.993
21.771	216.460	-0.993
21.780	216.543	-0.993
21.788	216.626	-0.993
21.796	216.710	-0.993
21.805	216.792	-0.993
21.813	216.877	-0.993
21.821	216.960	-0.993
21.830	217.043	-0.993
21.838	217.127	-0.993
21.846	217.209	-0.993
21.855	217.293	-0.993
21.863	217.376	-0.993
21.871	217.460	-0.993
21.880	217.543	-0.993
21.888	217.626	-0.993
21.896	217.710	-0.993
21.905	217.793	-0.993
21.913	217.876	-0.993
21.921	217.959	-0.993
21.930	218.043	-0.993
21.938	218.127	-0.993
21.946	218.210	-0.993
21.955	218.293	-0.993
21.963	218.376	-0.993
21.971	218.459	-0.994
21.980	218.542	-0.994
21.988	218.626	-0.994
21.996	218.709	-0.994
22.005	218.793	-0.994
22.013	218.876	-0.994
22.021	218.959	-0.994
22.030	219.043	-0.994
22.038	219.126	-0.994
22.046	219.210	-0.994
22.055	219.293	-0.994
22.063	219.376	-0.994
22.071	219.459	-0.994
22.080	219.543	-0.995
22.088	219.626	-0.995
22.096	219.709	-0.995
22.105	219.793	-0.995
22.113	219.876	-0.995
22.121	219.959	-0.995
22.130	220.042	-0.995
22.138	220.126	-0.995
22.146	220.209	-0.995
22.155	220.293	-0.995
22.163	220.376	-0.995
22.171	220.459	-0.996
22.180	220.543	-0.996
22.188	220.626	-0.996
22.196	220.709	-0.996
22.205	220.792	-0.996
22.213	220.876	-0.996
22.221	220.959	-0.996
22.230	221.043	-0.996
22.238	221.126	-0.996
22.246	221.209	-0.996
22.255	221.292	-0.997
22.263	221.376	-0.997
22.271	221.459	-0.997
22.280	221.542	-0.997
22.288	221.626	-0.997
22.296	221.709	-0.997
22.305	221.792	-0.997
22.313	221.876	-0.997
22.321	221.959	-0.997
22.330	222.042	-0.997
22.338	222.125	-0.998
22.346	222.209	-0.998
22.355	222.292	-0.998
22.363	222.375	-0.998
22.371	222.458	-0.998
22.380	222.542	-0.998
22.388	222.625	-0.998
22.396	222.708	-0.998
22.405	222.792	-0.998
22.413	222.875	-0.998
22.421	222.959	-0.998
22.430	223.041	-0.999
22.438	223.125	-0.999
22.446	223.208	-0.999
22.455	223.292	-0.999
22.463	223.375	-0.999
22.471	223.458	-0.999
22.480	223.541	-0.999
22.488	223.625	-0.999
22.496	223.709	-1.000
22.505	223.792	-1.000
22.513	223.875	-1.000
22.521	223.958	-1.000
22.530	224.042	-1.000
22.538	224.125	-1.000
22.546	224.209	-1.000
22.555	224.292	-1.001
22.563	224.375	-1.001
22.571	224.458	-1.001
22.580	224.542	-1.001
22.588	224.624	-1.001
22.596	224.708	-1.002
22.605	224.792	-1.002
22.613	224.875	-1.002
22.621	224.958	-1.002
22.630	225.042	-1.002
22.638	225.125	-1.003
22.646	225.209	-1.003
22.655	225.291	-1.003
22.663	225.375	-1.003
22.671	225.458	-1.004
22.680	225.542	-1.004
22.688	225.625	-1.004
22.696	225.708	-1.004
22.705	225.792	-1.005
22.713	225.875	-1.005
22.721	225.958	-1.005
22.730	226.042	-1.005
22.738	226.125	-1.006
22.746	226.208	-1.006
22.755	226.291	-1.006
22.763	226.375	-1.007
22.771	226.458	-1.007
22.780	226.541	-1.007
22.788	226.625	-1.008
22.796	226.708	-1.008
22.805	226.791	-1.008
22.813	226.874	-1.009
22.821	226.958	-1.009
22.830	227.041	-1.009
22.838	227.125	-1.010
22.846	227.208	-1.010
22.855	227.291	-1.010
22.863	227.374	-1.011
22.871	227.458	-1.011
22.880	227.542	-1.011
22.888	227.624	-1.012
22.896	227.707	-1.012
22.905	227.791	-1.012
22.913	227.874	-1.013
22.921	227.958	-1.013
22.930	228.041	-1.013
22.938	228.125	-1.014
22.946	228.207	-1.014
22.955	228.291	-1.015
22.963	228.374	-1.015
22.971	228.457	-1.015
22.980	228.541	-1.016
22.988	228.624	-1.016
22.996	228.707	-1.017
23.005	228.791	-1.017
23.013	228.873	-1.017
23.021	228.957	-1.018
23.030	229.041	-1.018
23.038	229.124	-1.019
23.046	229.207	-1.019
23.055	229.290	-1.019
23.063	229.374	-1.020
23.071	229.457	-1.020
23.080	229.541	-1.021
23.088	229.623	-1.021
23.096	229.706	-1.022
23.105	229.789	-1.022
23.113	229.873	-1.022
23.121	229.956	-1.023
23.130	230.040	-1.023
23.138	230.123	-1.024
23.146	230.206	-1.024
23.155	230.290	-1.024
23.163	230.373	-1.025
23.171	230.456	-1.025
23.180	230.540	-1.026
23.188	230.623	-1.026
23.196	230.706	-1.027
23.205	230.789	-1.027
23.213	230.873	-1.028
23.221	230.955	-1.028
23.230	231.039	-1.028
23.238	231.122	-1.029
23.246	231.206	-1.029
23.255	231.289	-1.030
23.263	231.372	-1.030
23.271	231.456	-1.031
23.280	231.539	-1.031
23.288	231.622	-1.031
23.296	231.706	-1.032
23.305	231.789	-1.032
23.313	231.872	-1.033
23.321	231.955	-1.033
23.330	232.039	-1.033
23.338	232.122	-1.034
23.346	232.205	-1.034
23.355	232.288	-1.035
23.363	232.372	-1.035
23.371	232.455	-1.036
23.380	232.538	-1.036
23.388	232.621	-1.036
23.396	232.705	-1.037
23.405	232.788	-1.037
23.413	232.871	-1.037
23.421	232.955	-1.038
23.430	233.038	-1.038
23.438	233.121	-1.038
23.446	233.205	-1.039
23.455	233.288	-1.039
23.463	233.372	-1.040
23.471	233.455	-1.040
23.480	233.538	-1.040
23.488	233.621	-1.041
23.496	233.704	-1.041
23.505	233.787	-1.041
23.513	233.871	-1.042
23.521	233.954	-1.042
23.530	234.037	-1.042
23.538	234.120	-1.043
23.546	234.204	-1.043
23.555	234.287	-1.044
23.563	234.370	-1.044
23.571	234.454	-1.045
23.580	234.537	-1.045
23.588	234.620	-1.045
23.596	234.703	-1.046
23.605	234.787	-1.046
23.613	234.870	-1.047
23.621	234.953	-1.047
23.630	235.037	-1.048
23.638	235.120	-1.048
23.646	235.203	-1.048
23.655	235.287	-1.049
23.663	235.369	-1.049
23.671	235.453	-1.050
23.680	235.536	-1.050
23.688	235.619	-1.051
23.696	235.703	-1.051
23.705	235.787	-1.052
23.713	235.869	-1.052
23.721	235.953	-1.053
23.730	236.036	-1.053
23.738	236.119	-1.054
23.746	236.203	-1.054
23.755	236.286	-1.055
23.763	236.369	-1.055
23.771	236.453	-1.056
23.780	236.536	-1.056
23.788	236.619	-1.057
23.796	236.702	-1.057
23.805	236.786	-1.058
23.813	236.869	-1.058
23.821	236.952	-1.059
23.830	237.035	-1.059
23.838	237.119	-1.060
23.846	237.202	-1.060
23.855	237.285	-1.061
23.863	237.368	-1.061
23.871	237.452	-1.062
23.880	237.535	-1.062
23.888	237.618	-1.063
23.896	237.701	-1.063
23.905	237.785	-1.064
23.913	237.868	-1.065
23.921	237.951	-1.065
23.930	238.035	-1.066
23.938	238.118	-1.067
23.946	238.201	-1.067
23.955	238.285	-1.068
23.963	238.368	-1.069
23.971	238.451	-1.070
23.980	238.534	-1.070
23.988	238.618	-1.071
23.996	238.701	-1.072
24.005	238.784	-1.072
24.013	238.867	-1.073
24.021	238.951	-1.074
24.030	239.034	-1.075
24.038	239.117	-1.075
24.046	239.201	-1.076
24.055	239.284	-1.077
24.063	239.367	-1.078
24.071	239.451	-1.079
24.080	239.534	-1.079
24.088	239.616	-1.080
24.096	239.700	-1.081
24.105	239.784	-1.082
24.113	239.866	-1.083
24.121	239.950	-1.084
24.130	240.033	-1.085
24.138	240.116	-1.085
24.146	240.199	-1.086
24.155	240.283	-1.087
24.163	240.366	-1.088
24.171	240.449	-1.089
24.180	240.532	-1.090
24.188	240.616	-1.091
24.196	240.699	-1.092
24.205	240.782	-1.093
24.213	240.866	-1.094
24.221	240.949	-1.095
24.230	241.032	-1.096
24.238	241.115	-1.097
24.246	241.199	-1.098
24.255	241.281	-1.099
24.263	241.364	-1.100
24.271	241.448	-1.101
24.280	241.531	-1.102
24.288	241.615	-1.103
24.296	241.698	-1.104
24.305	241.781	-1.105
24.313	241.864	-1.107
24.321	241.947	-1.108
24.330	242.030	-1.109
24.338	242.114	-1.110
24.346	242.197	-1.111
24.355	242.280	-1.112
24.363	242.364	-1.113
24.371	242.447	-1.114
24.380	242.531	-1.115
24.388	242.613	-1.117
24.396	242.697	-1.118
24.405	242.780	-1.119
24.413	242.863	-1.120
24.421	242.946	-1.121
24.430	243.030	-1.123
24.438	243.113	-1.124
24.446	243.196	-1.125
24.455	243.279	-1.126
24.463	243.362	-1.127
24.471	243.446	-1.129
24.480	243.529	-1.130
24.488	243.612	-1.131
24.496	243.696	-1.133
24.505	243.779	-1.134
24.513	243.862	-1.135
24.521	243.945	-1.136
24.530	244.029	-1.138
24.538	244.112	-1.139
24.546	244.195	-1.140
24.555	244.278	-1.142
24.563	244.361	-1.143
24.571	244.445	-1.144
24.580	244.528	-1.146
24.588	244.612	-1.147
24.596	244.694	-1.148
24.605	244.778	-1.150
24.613	244.861	-1.151
24.621	244.944	-1.153
24.630	245.027	-1.154
24.638	245.111	-1.155
24.646	245.194	-1.157
24.655	245.277	-1.158
24.663	245.360	-1.160
24.671	245.444	-1.161
24.680	245.527	-1.163
24.688	245.610	-1.164
24.696	245.694	-1.166
24.705	245.776	-1.167
24.713	245.860	-1.169
24.721	245.944	-1.170
24.730	246.026	-1.172
24.738	246.110	-1.173
24.746	246.193	-1.175
24.755	246.276	-1.176
24.763	246.360	-1.178
24.771	246.443	-1.180
24.780	246.525	-1.181
24.788	246.609	-1.183
24.796	246.693	-1.184
24.805	246.776	-1.186
24.813	246.858	-1.188
24.821	246.943	-1.189
24.830	247.025	-1.191
24.838	247.109	-1.192
24.846	247.192	-1.194
24.855	247.275	-1.196
24.863	247.359	-1.198
24.871	247.442	-1.199
24.880	247.525	-1.201
24.888	247.608	-1.202
24.896	247.691	-1.204
24.905	247.775	-1.206
24.913	247.858	-1.208
24.921	247.941	-1.210
24.930	248.024	-1.211
24.938	248.108	-1.213
24.946	248.191	-1.215
24.955	248.274	-1.216
24.963	248.357	-1.218
24.971	248.441	-1.219
24.980	248.524	-1.221
24.988	248.607	-1.223
24.996	248.691	-1.224
25.005	248.774	-1.226
25.013	248.857	-1.228
25.021	248.940	-1.229
25.030	249.023	-1.231
25.038	249.107	-1.233
25.046	249.190	-1.235
25.055	249.273	-1.236
25.063	249.356	-1.238
25.071	249.440	-1.239
25.080	249.523	-1.241
25.088	249.606	-1.243
25.096	249.689	-1.244
25.105	249.772	-1.246
25.113	249.856	-1.248
25.121	249.939	-1.249
25.130	250.022	-1.251
25.138	250.105	-1.253
25.146	250.188	-1.254
25.155	250.271	-1.256
25.163	250.355	-1.258
25.171	250.438	-1.259
25.180	250.522	-1.261
25.188	250.605	-1.262
25.196	250.687	-1.264
25.205	250.771	-1.265
25.213	250.854	-1.267
25.221	250.937	-1.269
25.230	251.020	-1.270
25.238	251.104	-1.272
25.246	251.187	-1.273
25.255	251.270	-1.275
25.263	251.353	-1.276
25.271	251.437	-1.278
25.280	251.520	-1.279
25.288	251.603	-1.281
25.296	251.687	-1.282
25.305	251.770	-1.284
25.313	251.853	-1.285
25.321	251.936	-1.287
25.330	252.019	-1.288
25.338	252.103	-1.290
25.346	252.185	-1.291
25.355	252.269	-1.293
25.363	252.352	-1.294
25.371	252.435	-1.295
25.380	252.519	-1.297
25.388	252.602	-1.298
25.396	252.685	-1.300
25.405	252.768	-1.301
25.413	252.851	-1.302
25.421	252.935	-1.304
25.430	253.018	-1.305
25.438	253.101	-1.306
25.446	253.184	-1.308
25.455	253.268	-1.309
25.463	253.351	-1.310
25.471	253.434	-1.311
25.480	253.518	-1.313
25.488	253.601	-1.314
25.496	253.684	-1.315
25.505	253.767	-1.316
25.513	253.851	-1.317
25.521	253.934	-1.319
25.530	254.017	-1.320
25.538	254.101	-1.321
25.546	254.184	-1.322
25.555	254.267	-1.323
25.563	254.350	-1.324
25.571	254.434	-1.325
25.580	254.517	-1.326
25.588	254.600	-1.328
25.596	254.683	-1.329
25.605	254.767	-1.330
25.613	254.850	-1.331
25.621	254.934	-1.332
25.630	255.016	-1.333
25.638	255.100	-1.334
25.646	255.184	-1.335
25.655	255.267	-1.336
25.663	255.350	-1.336
25.671	255.433	-1.337
25.680	255.517	-1.338
25.688	255.600	-1.339
25.696	255.683	-1.340
25.705	255.767	-1.341
25.713	255.850	-1.342
25.721	255.933	-1.342
25.730	256.017	-1.343
25.738	256.100	-1.344
25.746	256.183	-1.345
25.755	256.266	-1.346
25.763	256.350	-1.346
25.771	256.434	-1.347
25.780	256.517	-1.348
25.788	256.600	-1.348
25.796	256.683	-1.349
25.805	256.767	-1.350
25.813	256.849	-1.350
25.821	256.933	-1.351
25.830	257.016	-1.351
25.838	257.099	-1.352
25.846	257.183	-1.352
25.855	257.266	-1.353
25.863	257.349	-1.353
25.871	257.433	-1.354
25.880	257.516	-1.354
25.888	257.599	-1.355
25.896	257.683	-1.355
25.905	257.766	-1.355
25.913	257.849	-1.356
25.921	257.933	-1.356
25.930	258.016	-1.356
25.938	258.099	-1.357
25.946	258.183	-1.357
25.955	258.266	-1.357
25.963	258.349	-1.357
25.971	258.433	-1.358
25.980	258.516	-1.358
25.988	258.599	-1.358
25.996	258.682	-1.358
26.005	258.766	-1.359
26.013	258.849	-1.359
26.021	258.933	-1.359
26.030	259.015	-1.359
26.038	259.099	-1.359
26.046	259.182	-1.359
26.055	259.266	-1.359
26.063	259.349	-1.360
26.071	259.433	-1.360
26.080	259.516	-1.360
26.088	259.599	-1.360
26.096	259.683	-1.360
26.105	259.766	-1.360
26.113	259.850	-1.360
26.121	259.933	-1.360
26.130	260.015	-1.360
26.138	260.099	-1.360
26.146	260.182	-1.360
26.155	260.266	-1.360
26.163	260.349	-1.360
26.171	260.433	-1.360
26.180	260.516	-1.360
26.188	260.599	-1.360
26.196	260.683	-1.360
26.205	260.766	-1.360
26.213	260.849	-1.360
26.221	260.933	-1.360
26.230	261.016	-1.360
26.238	261.099	-1.360
26.246	261.183	-1.360
26.255	261.266	-1.360
26.263	261.349	-1.360
26.271	261.433	-1.359
26.280	261.516	-1.359
26.288	261.600	-1.359
26.296	261.683	-1.359
26.305	261.766	-1.359
26.313	261.849	-1.359
26.321	261.933	-1.359
26.330	262.016	-1.359
26.338	262.099	-1.358
26.346	262.183	-1.358
26.355	262.266	-1.358
26.363	262.349	-1.358
26.371	262.433	-1.358
26.380	262.517	-1.358
26.388	262.599	-1.357
26.396	262.683	-1.357
26.405	262.766	-1.357
26.413	262.849	-1.357
26.421	262.933	-1.357
26.430	263.016	-1.356
26.438	263.099	-1.356
26.446	263.183	-1.356
26.455	263.266	-1.356
26.463	263.350	-1.355
26.471	263.433	-1.355
26.480	263.517	-1.355
26.488	263.600	-1.355
26.496	263.683	-1.355
26.505	263.766	-1.354
26.513	263.849	-1.354
26.521	263.933	-1.354
26.530	264.016	-1.354
26.538	264.100	-1.353
26.546	264.183	-1.353
26.555	264.266	-1.353
26.563	264.349	-1.352
26.571	264.433	-1.352
26.580	264.516	-1.352
26.588	264.599	-1.352
26.596	264.683	-1.351
26.605	264.766	-1.351
26.613	264.849	-1.351
26.621	264.932	-1.350
26.630	265.016	-1.350
26.638	265.099	-1.350
26.646	265.183	-1.349
26.655	265.266	-1.349
26.663	265.349	-1.349
26.671	265.433	-1.348
26.680	265.516	-1.348
26.688	265.600	-1.348
26.696	265.683	-1.347
26.705	265.766	-1.347
26.713	265.850	-1.347
26.721	265.933	-1.346
26.730	266.016	-1.346
26.738	266.099	-1.346
26.746	266.183	-1.346
26.755	266.266	-1.345
26.763	266.350	-1.345
26.771	266.434	-1.345
26.780	266.517	-1.344
26.788	266.599	-1.344
26.796	266.683	-1.344
26.805	266.766	-1.343
26.813	266.850	-1.343
26.821	266.933	-1.343
26.830	267.016	-1.343
26.838	267.100	-1.342
26.846	267.183	-1.342
26.855	267.266	-1.341
26.863	267.349	-1.341
26.871	267.433	-1.341
26.880	267.516	-1.340
26.888	267.600	-1.340
26.896	267.683	-1.340
26.905	267.766	-1.339
26.913	267.850	-1.339
26.921	267.933	-1.339
26.930	268.016	-1.338
26.938	268.099	-1.338
26.946	268.183	-1.337
26.955	268.267	-1.337
26.963	268.350	-1.337
26.971	268.433	-1.336
26.980	268.516	-1.336
26.988	268.600	-1.336
26.996	268.683	-1.335
27.005	268.766	-1.335
27.013	268.849	-1.334
27.021	268.933	-1.334
27.030	269.016	-1.334
27.038	269.099	-1.333
27.046	269.183	-1.333
27.055	269.267	-1.332
27.063	269.350	-1.332
27.071	269.432	-1.332
27.080	269.516	-1.331
27.088	269.600	-1.331
27.096	269.683	-1.331
27.105	269.767	-1.330
27.113	269.850	-1.330
27.121	269.934	-1.329
27.130	270.017	-1.329
27.138	270.100	-1.328
27.146	270.183	-1.328
27.155	270.267	-1.328
27.163	270.350	-1.327
27.171	270.433	-1.327
27.180	270.516	-1.327
27.188	270.600	-1.326
27.196	270.683	-1.326
27.205	270.766	-1.325
27.213	270.850	-1.325
27.221	270.933	-1.324
27.230	271.017	-1.324
27.238	271.099	-1.323
27.246	271.183	-1.323
27.255	271.266	-1.322
27.263	271.350	-1.322
27.271	271.433	-1.321
27.280	271.516	-1.321
27.288	271.599	-1.320
27.296	271.683	-1.320
27.305	271.766	-1.320
27.313	271.850	-1.319
27.321	271.932	-1.318
27.330	272.016	-1.318
27.338	272.099	-1.317
27.346	272.183	-1.317
27.355	272.266	-1.316
27.363	272.349	-1.316
27.371	272.433	-1.315
27.380	272.516	-1.315
27.388	272.599	-1.314
27.396	272.683	-1.314
27.405	272.766	-1.313
27.413	272.849	-1.313
27.421	272.933	-1.312
27.430	273.016	-1.312
27.438	273.100	-1.311
27.446	273.183	-1.311
27.455	273.267	-1.310
27.463	273.349	-1.309
27.471	273.433	-1.309
27.480	273.517	-1.308
27.488	273.600	-1.308
27.496	273.683	-1.307
27.505	273.767	-1.307
27.513	273.850	-1.306
27.521	273.933	-1.305
27.530	274.017	-1.305
27.538	274.100	-1.304
27.546	274.183	-1.304
27.555	274.267	-1.303
27.563	274.350	-1.302
27.571	274.433	-1.302
27.580	274.516	-1.301
27.588	274.600	-1.301
27.596	274.683	-1.300
27.605	274.767	-1.299
27.613	274.850	-1.299
27.621	274.933	-1.298
27.630	275.017	-1.297
27.638	275.100	-1.297
27.646	275.184	-1.296
27.655	275.267	-1.295
27.663	275.350	-1.295
27.671	275.434	-1.294
27.680	275.517	-1.293
27.688	275.601	-1.293
27.696	275.684	-1.292
27.705	275.767	-1.291
27.713	275.851	-1.291
27.721	275.934	-1.290
27.730	276.017	-1.289
27.738	276.101	-1.289
27.746	276.184	-1.288
27.755	276.267	-1.287
27.763	276.350	-1.287
27.771	276.435	-1.286
27.780	276.518	-1.285
27.788	276.601	-1.285
27.796	276.685	-1.284
27.805	276.768	-1.283
27.813	276.851	-1.282
27.821	276.935	-1.282
27.830	277.018	-1.281
27.838	277.101	-1.280
27.846	277.185	-1.279
27.855	277.268	-1.279
27.863	277.351	-1.278
27.871	277.435	-1.277
27.880	277.518	-1.276
27.888	277.601	-1.276
27.896	277.685	-1.275
27.905	277.768	-1.274
27.913	277.851	-1.273
27.921	277.934	-1.272
27.930	278.017	-1.272
27.938	278.101	-1.271
27.946	278.184	-1.270
27.955	278.268	-1.269
27.963	278.351	-1.268
27.971	278.434	-1.267
27.980	278.518	-1.266
27.988	278.601	-1.266
27.996	278.684	-1.265
28.005	278.768	-1.264
28.013	278.851	-1.263
28.021	278.934	-1.262
28.030	279.018	-1.261
28.038	279.101	-1.260
28.046	279.184	-1.259
28.055	279.267	-1.258
28.063	279.350	-1.258
28.071	279.433	-1.257
28.080	279.517	-1.256
28.088	279.600	-1.255
28.096	279.684	-1.254
28.105	279.767	-1.253
28.113	279.850	-1.252
28.121	279.933	-1.251
28.130	280.017	-1.250
28.138	280.101	-1.249
28.146	280.184	-1.249
28.155	280.267	-1.248
28.163	280.351	-1.247
28.171	280.434	-1.246
28.180	280.518	-1.245
28.188	280.601	-1.244
28.196	280.684	-1.243
28.205	280.768	-1.242
28.213	280.850	-1.241
28.221	280.934	-1.240
28.230	281.017	-1.239
28.238	281.101	-1.238
28.246	281.184	-1.237
28.255	281.267	-1.236
28.263	281.351	-1.235
28.271	281.434	-1.234
28.280	281.518	-1.233
28.288	281.601	-1.232
28.296	281.685	-1.230
28.305	281.768	-1.229
28.313	281.852	-1.228
28.321	281.935	-1.227
28.330	282.018	-1.226
28.338	282.102	-1.225
28.346	282.185	-1.223
28.355	282.268	-1.222
28.363	282.352	-1.221
28.371	282.435	-1.219
28.380	282.519	-1.218
28.388	282.602	-1.217
28.396	282.685	-1.216
28.405	282.769	-1.214
28.413	282.852	-1.213
28.421	282.935	-1.212
28.430	283.019	-1.210
28.438	283.102	-1.209
28.446	283.185	-1.208
28.455	283.269	-1.206
28.463	283.352	-1.205
28.471	283.436	-1.203
28.480	283.519	-1.202
28.488	283.603	-1.201
28.496	283.686	-1.199
28.505	283.770	-1.198
28.513	283.853	-1.196
28.521	283.937	-1.195
28.530	284.020	-1.194
28.538	284.103	-1.192
28.546	284.187	-1.191
28.555	284.270	-1.189
28.563	284.353	-1.188
28.571	284.437	-1.186
28.580	284.520	-1.185
28.588	284.604	-1.183
28.596	284.687	-1.182
28.605	284.771	-1.180
28.613	284.854	-1.179
28.621	284.937	-1.177
28.630	285.021	-1.175
28.638	285.104	-1.174
28.646	285.188	-1.172
28.655	285.271	-1.171
28.663	285.354	-1.169
28.671	285.438	-1.167
28.680	285.521	-1.165
28.688	285.604	-1.164
28.696	285.688	-1.162
28.705	285.772	-1.161
28.713	285.855	-1.159
28.721	285.938	-1.158
28.730	286.022	-1.156
28.738	286.105	-1.154
28.746	286.188	-1.152
28.755	286.272	-1.150
28.763	286.355	-1.149
28.771	286.438	-1.147
28.780	286.521	-1.145
28.788	286.605	-1.143
28.796	286.688	-1.142
28.805	286.772	-1.140
28.813	286.855	-1.138
28.821	286.938	-1.136
28.830	287.022	-1.134
28.838	287.106	-1.133
28.846	287.189	-1.131
28.855	287.272	-1.129
28.863	287.356	-1.128
28.871	287.439	-1.126
28.880	287.522	-1.124
28.888	287.606	-1.122
28.896	287.689	-1.120
28.905	287.772	-1.118
28.913	287.856	-1.116
28.921	287.939	-1.113
28.930	288.023	-1.111
28.938	288.106	-1.109
28.946	288.190	-1.106
28.955	288.273	-1.104
28.963	288.356	-1.102
28.971	288.439	-1.100
28.980	288.524	-1.098
28.988	288.607	-1.095
28.996	288.690	-1.093
29.005	288.774	-1.090
29.013	288.857	-1.088
29.021	288.940	-1.085
29.030	289.024	-1.083
29.038	289.107	-1.081
29.046	289.190	-1.079
29.055	289.274	-1.076
29.063	289.357	-1.073
29.071	289.440	-1.071
29.080	289.524	-1.068
29.088	289.607	-1.066
29.096	289.690	-1.063
29.105	289.774	-1.060
29.113	289.858	-1.058
29.121	289.941	-1.055
29.130	290.025	-1.053
29.138	290.108	-1.050
29.146	290.191	-1.047
29.155	290.275	-1.044
29.163	290.358	-1.041
29.171	290.442	-1.038
29.180	290.525	-1.034
29.188	290.609	-1.030
29.196	290.691	-1.027
29.205	290.775	-1.022
29.213	290.859	-1.019
29.221	290.942	-1.015
29.230	291.025	-1.012
29.238	291.109	-1.008
29.246	291.192	-1.004
29.255	291.275	-1.001
29.263	291.359	-0.998
29.271	291.442	-0.993
29.280	291.526	-0.990
29.288	291.610	-0.987
29.296	291.693	-0.984
29.305	291.776	-0.981
29.313	291.860	-0.978
29.321	291.943	-0.975
29.330	292.026	-0.971
29.338	292.110	-0.967
29.346	292.194	-0.964
29.355	292.277	-0.961
29.363	292.361	-0.957
29.371	292.444	-0.955
29.380	292.527	-0.952
29.388	292.611	-0.948
29.396	292.694	-0.945
29.405	292.777	-0.942
29.413	292.861	-0.939
29.421	292.944	-0.934
29.430	293.028	-0.931
29.438	293.112	-0.927
29.446	293.195	-0.923
29.455	293.278	-0.920
29.463	293.362	-0.917
29.471	293.446	-0.913
29.480	293.529	-0.909
29.488	293.612	-0.905
29.496	293.696	-0.901
29.505	293.779	-0.898
29.513	293.863	-0.893
29.521	293.946	-0.890
29.530	294.030	-0.885
29.538	294.113	-0.881
29.546	294.196	-0.878
29.555	294.279	-0.874
29.563	294.363	-0.869
29.571	294.447	-0.866
29.580	294.530	-0.861
29.588	294.614	-0.857
29.596	294.697	-0.853
29.605	294.781	-0.849
29.613	294.863	-0.845
29.621	294.947	-0.841
29.630	295.031	-0.838
29.638	295.114	-0.833
29.646	295.197	-0.828
29.655	295.281	-0.824
29.663	295.365	-0.820
29.671	295.448	-0.816
29.680	295.531	-0.812
29.688	295.615	-0.808
29.696	295.698	-0.804
29.705	295.782	-0.799
29.713	295.865	-0.795
29.721	295.949	-0.791
29.730	296.032	-0.787
29.738	296.115	-0.783
29.746	296.199	-0.779
29.755	296.283	-0.773
29.763	296.366	-0.769
29.771	296.449	-0.765
29.780	296.533	-0.761
29.788	296.616	-0.757
29.796	296.700	-0.753
29.805	296.783	-0.748
29.813	296.866	-0.743
29.821	296.950	-0.739
29.830	297.033	-0.734
29.838	297.117	-0.729
29.846	297.200	-0.724
29.855	297.283	-0.719
29.863	297.367	-0.715
29.871	297.451	-0.709
29.880	297.534	-0.704
29.888	297.618	-0.700
29.896	297.701	-0.695
29.905	297.784	-0.691
29.913	297.868	-0.687
29.921	297.952	-0.682
29.930	298.035	-0.677
29.938	298.119	-0.671
29.946	298.202	-0.666
29.955	298.285	-0.661
29.963	298.369	-0.657
29.971	298.453	-0.651
29.980	298.536	-0.645
29.988	298.620	-0.640
29.996	298.704	-0.635
30.005	298.787	-0.629
30.013	298.870	-0.623
30.021	298.954	-0.618
30.030	299.037	-0.612
30.038	299.121	-0.607
30.046	299.205	-0.601
30.055	299.288	-0.596
30.063	299.372	-0.590
30.071	299.456	-0.584
30.080	299.539	-0.578
30.088	299.623	-0.573
30.096	299.706	-0.567
30.105	299.790	-0.561
30.113	299.873	-0.555
30.121	299.956	-0.549
30.130	300.040	-0.542
30.138	300.124	-0.537
30.146	300.207	-0.530
30.155	300.291	-0.524
30.163	300.375	-0.517
30.171	300.459	-0.511
30.180	300.542	-0.505
30.188	300.626	-0.499
30.196	300.709	-0.492
30.205	300.793	-0.486
30.213	300.877	-0.479
30.221	300.960	-0.472
30.230	301.043	-0.464
30.238	301.128	-0.457
30.246	301.211	-0.451
30.255	301.295	-0.444
30.263	301.378	-0.436
30.271	301.462	-0.429
30.280	301.546	-0.422
30.288	301.629	-0.414
30.296	301.713	-0.408
30.305	301.797	-0.400
30.313	301.880	-0.392
30.321	301.964	-0.385
30.330	302.048	-0.377
30.338	302.131	-0.370
30.346	302.215	-0.362
30.355	302.299	-0.354
30.363	302.382	-0.346
30.371	302.466	-0.337
30.380	302.549	-0.329
30.388	302.633	-0.320
30.396	302.717	-0.314
30.405	302.801	-0.305
30.413	302.885	-0.296
30.421	302.968	-0.287
30.430	303.051	-0.278
30.438	303.135	-0.269
30.446	303.219	-0.259
30.455	303.303	-0.251
30.463	303.386	-0.242
30.471	303.470	-0.233
30.480	303.554	-0.222
30.488	303.638	-0.212
30.496	303.722	-0.203
30.505	303.805	-0.194
30.513	303.889	-0.185
30.521	303.973	-0.174
30.530	304.057	-0.163
30.538	304.140	-0.152
30.546	304.224	-0.144
30.555	304.308	-0.134
30.563	304.391	-0.122
30.571	304.475	-0.112
30.580	304.558	-0.102
30.588	304.642	-0.090
30.596	304.726	-0.080
30.605	304.810	-0.070
30.613	304.894	-0.060
30.621	304.978	-0.049
30.630	305.062	-0.038
30.638	305.145	-0.028
30.646	305.229	-0.017
30.655	305.313	-0.003
30.663	305.397	0.008
30.671	305.481	0.019
30.680	305.564	0.030
30.688	305.649	0.043
30.696	305.732	0.055
30.705	305.816	0.067
30.713	305.900	0.081
30.721	305.984	0.093
30.730	306.068	0.106
30.738	306.152	0.119
30.746	306.235	0.131
30.755	306.318	0.144
30.763	306.403	0.157
30.771	306.487	0.170
30.780	306.571	0.183
30.788	306.655	0.196
30.796	306.739	0.210
30.805	306.822	0.222
30.813	306.906	0.237
30.821	306.990	0.250
30.830	307.074	0.263
30.838	307.158	0.276
30.846	307.242	0.290
30.855	307.326	0.305
30.863	307.410	0.320
30.871	307.495	0.334
30.880	307.578	0.346
30.888	307.662	0.362
30.896	307.746	0.377
30.905	307.830	0.390
30.913	307.913	0.405
30.921	307.997	0.419
30.930	308.081	0.435
30.938	308.165	0.450
30.946	308.249	0.464
30.955	308.333	0.479
30.963	308.417	0.493
30.971	308.501	0.510
30.980	308.584	0.523
30.988	308.669	0.539
30.996	308.752	0.554
31.005	308.837	0.570
31.013	308.921	0.585
31.021	309.004	0.600
31.030	309.088	0.616
31.038	309.173	0.630
31.046	309.256	0.646
31.055	309.340	0.663
31.063	309.424	0.676
31.071	309.508	0.691
31.080	309.592	0.706
31.088	309.676	0.722
31.096	309.760	0.739
31.105	309.844	0.754
31.113	309.928	0.769
31.121	310.012	0.783
31.130	310.096	0.798
31.138	310.180	0.812
31.146	310.264	0.826
31.155	310.348	0.841
31.163	310.431	0.855
31.171	310.515	0.870
31.180	310.599	0.884
31.188	310.683	0.897
31.196	310.767	0.911
31.205	310.851	0.926
31.213	310.934	0.939
31.221	311.019	0.953
31.230	311.103	0.967
31.238	311.186	0.980
31.246	311.269	0.994
31.255	311.354	1.007
31.263	311.437	1.020
31.271	311.521	1.033
31.280	311.605	1.045
31.288	311.689	1.058
31.296	311.773	1.069
31.305	311.857	1.081
31.313	311.940	1.091
31.321	312.025	1.103
31.330	312.108	1.113
31.338	312.192	1.123
31.346	312.276	1.133
31.355	312.360	1.143
31.363	312.444	1.153
31.371	312.527	1.164
31.380	312.611	1.173
31.388	312.695	1.182
31.396	312.779	1.190
31.405	312.862	1.197
31.413	312.946	1.205
31.421	313.030	1.212
31.430	313.114	1.219
31.438	313.197	1.225
31.446	313.281	1.230
31.455	313.364	1.235
31.463	313.448	1.242
31.471	313.532	1.247
31.480	313.615	1.251
31.488	313.699	1.255
31.496	313.782	1.259
31.505	313.865	1.263
31.513	313.948	1.265
31.521	314.032	1.268
31.530	314.115	1.269
31.538	314.199	1.270
31.546	314.282	1.272
31.555	314.365	1.273
31.563	314.449	1.273
31.571	314.532	1.274
31.580	314.615	1.275
31.588	314.698	1.275
31.596	314.782	1.276
31.605	314.865	1.276
31.613	314.948	1.276
31.621	315.031	1.276
31.630	315.114	1.276
31.638	315.197	1.276
31.646	315.280	1.276
31.655	315.364	1.275
31.663	315.447	1.274
31.671	315.530	1.273
31.680	315.613	1.271
31.688	315.696	1.268
31.696	315.779	1.265
31.705	315.862	1.261
31.713	315.945	1.256
31.721	316.028	1.250
31.730	316.111	1.244
31.738	316.194	1.236
31.746	316.277	1.229
31.755	316.360	1.220
31.763	316.444	1.211
31.771	316.526	1.202
31.780	316.609	1.193
31.788	316.692	1.185
31.796	316.775	1.175
31.805	316.857	1.166
31.813	316.940	1.155
31.821	317.024	1.146
31.830	317.106	1.138
31.838	317.189	1.130
31.846	317.272	1.120
31.855	317.355	1.111
31.863	317.438	1.102
31.871	317.521	1.093
31.880	317.604	1.085
31.888	317.687	1.076
31.896	317.770	1.067
31.905	317.852	1.059
31.913	317.934	1.052
31.921	318.018	1.044
31.930	318.101	1.035
31.938	318.184	1.028
31.946	318.266	1.022
31.955	318.350	1.015
31.963	318.433	1.007
31.971	318.516	1.001
31.980	318.598	0.993
31.988	318.682	0.987
31.996	318.765	0.980
32.005	318.848	0.975
32.013	318.931	0.970
32.021	319.014	0.963
32.030	319.097	0.958
32.038	319.180	0.951
32.046	319.262	0.945
32.055	319.346	0.939
32.063	319.429	0.933
32.071	319.512	0.928
32.080	319.595	0.923
32.088	319.678	0.918
32.096	319.761	0.912
32.105	319.844	0.907
32.113	319.927	0.903
32.121	320.010	0.898
32.130	320.093	0.893
32.138	320.176	0.888
32.146	320.259	0.884
32.155	320.343	0.880
32.163	320.426	0.876
32.171	320.509	0.872
32.180	320.592	0.869
32.188	320.675	0.865
32.196	320.759	0.862
32.205	320.841	0.859
32.213	320.925	0.855
32.221	321.007	0.852
32.230	321.091	0.848
32.238	321.174	0.845
32.246	321.257	0.843
32.255	321.341	0.840
32.263	321.424	0.837
32.271	321.507	0.834
32.280	321.591	0.832
32.288	321.674	0.829
32.296	321.757	0.827
32.305	321.840	0.824
32.313	321.923	0.821
32.321	322.006	0.819
32.330	322.089	0.818
32.338	322.173	0.816
32.346	322.255	0.814
32.355	322.339	0.813
32.363	322.422	0.811
32.371	322.505	0.809
32.380	322.589	0.807
32.388	322.671	0.806
32.396	322.755	0.804
32.405	322.837	0.802
32.413	322.921	0.800
32.421	323.005	0.799
32.430	323.087	0.797
32.438	323.170	0.796
32.446	323.254	0.795
32.455	323.337	0.793
32.463	323.421	0.792
32.471	323.503	0.791
32.480	323.587	0.790
32.488	323.670	0.789
32.496	323.753	0.787
32.505	323.836	0.786
32.513	323.920	0.785
32.521	324.003	0.784
32.530	324.087	0.783
32.538	324.170	0.781
32.546	324.253	0.780
32.555	324.336	0.779
32.563	324.419	0.778
32.571	324.503	0.777
32.580	324.586	0.776
32.588	324.669	0.776
32.596	324.752	0.775
32.605	324.836	0.774
32.613	324.919	0.774
32.621	325.003	0.773
32.630	325.086	0.772
32.638	325.169	0.772
32.646	325.252	0.772
32.655	325.336	0.771
32.663	325.419	0.771
32.671	325.503	0.771
32.680	325.586	0.771
32.688	325.670	0.771
32.696	325.753	0.772
32.705	325.836	0.773
32.713	325.919	0.774
32.721	326.003	0.775
32.730	326.087	0.776
32.738	326.170	0.777
32.746	326.253	0.779
32.755	326.337	0.781
32.763	326.420	0.783
32.771	326.503	0.786
32.780	326.587	0.789
32.788	326.670	0.791
32.796	326.753	0.795
32.805	326.838	0.799
32.813	326.921	0.803
32.821	327.004	0.808
32.830	327.087	0.813
32.838	327.171	0.818
32.846	327.254	0.822
32.855	327.338	0.827
32.863	327.422	0.833
32.871	327.505	0.838
32.880	327.589	0.843
32.888	327.673	0.849
32.896	327.756	0.856
32.905	327.840	0.862
32.913	327.923	0.869
32.921	328.007	0.875
32.930	328.091	0.882
32.938	328.174	0.888
32.946	328.258	0.894
32.955	328.341	0.901
32.963	328.425	0.907
32.971	328.508	0.914
32.980	328.592	0.921
32.988	328.675	0.927
32.996	328.759	0.934
33.005	328.842	0.941
33.013	328.926	0.948
33.021	329.010	0.956
33.030	329.093	0.963
33.038	329.177	0.970
33.046	329.260	0.977
33.055	329.344	0.983
33.063	329.428	0.990
33.071	329.511	0.998
33.080	329.594	1.005
33.088	329.678	1.013
33.096	329.762	1.021
33.105	329.846	1.029
33.113	329.929	1.036
33.121	330.012	1.044
33.130	330.096	1.051
33.138	330.180	1.058
33.146	330.264	1.064
33.155	330.347	1.072
33.163	330.431	1.079
33.171	330.514	1.086
33.180	330.598	1.092
33.188	330.681	1.097
33.196	330.765	1.103
33.205	330.849	1.110
33.213	330.932	1.116
33.221	331.016	1.122
33.230	331.100	1.128
33.238	331.183	1.134
33.246	331.266	1.140
33.255	331.350	1.145
33.263	331.434	1.152
33.271	331.517	1.158
33.280	331.601	1.164
33.288	331.684	1.169
33.296	331.768	1.174
33.305	331.852	1.178
33.313	331.935	1.183
33.321	332.018	1.188
33.330	332.102	1.192
33.338	332.185	1.196
33.346	332.269	1.200
33.355	332.352	1.205
33.363	332.436	1.209
33.371	332.519	1.213
33.380	332.603	1.216
33.388	332.686	1.218
33.396	332.769	1.220
33.405	332.853	1.223
33.413	332.936	1.225
33.421	333.020	1.226
33.430	333.104	1.227
33.438	333.187	1.228
33.446	333.270	1.230
33.455	333.353	1.230
33.463	333.437	1.231
33.471	333.520	1.232
33.480	333.603	1.233
33.488	333.687	1.234
33.496	333.770	1.234
33.505	333.853	1.235
33.513	333.937	1.236
33.521	334.020	1.236
33.530	334.103	1.237
33.538	334.187	1.237
33.546	334.270	1.238
33.555	334.354	1.238
33.563	334.437	1.238
33.571	334.520	1.239
33.580	334.603	1.239
33.588	334.686	1.239
33.596	334.769	1.238
33.605	334.852	1.238
33.613	334.935	1.238
33.621	335.019	1.237
33.630	335.102	1.236
33.638	335.185	1.235
33.646	335.268	1.233
33.655	335.351	1.231
33.663	335.435	1.228
33.671	335.518	1.224
33.680	335.601	1.219
33.688	335.684	1.212
33.696	335.767	1.206
33.705	335.850	1.200
33.713	335.933	1.194
33.721	336.016	1.187
33.730	336.099	1.178
33.738	336.182	1.170
33.746	336.265	1.162
33.755	336.348	1.154
33.763	336.430	1.145
33.771	336.514	1.134
33.780	336.597	1.123
33.788	336.680	1.114
33.796	336.763	1.104
33.805	336.845	1.094
33.813	336.928	1.083
33.821	337.012	1.072
33.830	337.094	1.062
33.838	337.177	1.051
33.846	337.260	1.039
33.855	337.342	1.027
33.863	337.425	1.016
33.871	337.508	1.004
33.880	337.591	0.994
33.888	337.674	0.983
33.896	337.757	0.969
33.905	337.839	0.956
33.913	337.922	0.943
33.921	338.005	0.932
33.930	338.088	0.918
33.938	338.171	0.905
33.946	338.253	0.892
33.955	338.335	0.879
33.963	338.418	0.864
33.971	338.501	0.849
33.980	338.584	0.835
33.988	338.667	0.819
33.996	338.749	0.801
34.005	338.832	0.785
34.013	338.914	0.768
34.021	338.997	0.749
34.030	339.079	0.730
34.038	339.162	0.711
34.046	339.244	0.690
34.055	339.326	0.668
34.063	339.409	0.646
34.071	339.491	0.622
34.080	339.573	0.599
34.088	339.655	0.575
34.096	339.738	0.550
34.105	339.820	0.524
34.113	339.902	0.495
34.121	339.984	0.469
34.130	340.066	0.441
34.138	340.148	0.414
34.146	340.231	0.386
34.155	340.312	0.354
34.163	340.394	0.322
34.171	340.476	0.290
34.180	340.558	0.257
34.188	340.640	0.224
34.196	340.721	0.190
34.205	340.803	0.154
34.213	340.885	0.118
34.221	340.967	0.083
34.230	341.049	0.045
34.238	341.131	0.010
34.246	341.213	-0.022
34.255	341.295	-0.056
34.263	341.377	-0.092
34.271	341.459	-0.129
34.280	341.540	-0.163
34.288	341.622	-0.199
34.296	341.703	-0.232
34.305	341.784	-0.264
34.313	341.866	-0.296
34.321	341.947	-0.328
34.330	342.029	-0.360
34.338	342.111	-0.390
34.346	342.192	-0.418
34.355	342.275	-0.447
34.363	342.358	-0.474
34.371	342.440	-0.499
34.380	342.522	-0.523
34.388	342.605	-0.549
34.396	342.688	-0.573
34.405	342.770	-0.593
34.413	342.852	-0.614
34.421	342.935	-0.634
34.430	343.017	-0.651
34.438	343.099	-0.667
34.446	343.181	-0.683
34.455	343.264	-0.695
34.463	343.346	-0.709
34.471	343.428	-0.722
34.480	343.511	-0.733
34.488	343.594	-0.745
34.496	343.677	-0.754
34.505	343.759	-0.763
34.513	343.842	-0.772
34.521	343.925	-0.781
34.530	344.008	-0.791
34.538	344.092	-0.798
34.546	344.174	-0.804
34.555	344.257	-0.809
34.563	344.340	-0.814
34.571	344.423	-0.820
34.580	344.506	-0.825
34.588	344.589	-0.829
34.596	344.673	-0.832
34.605	344.755	-0.836
34.613	344.839	-0.840
34.621	344.921	-0.842
34.630	345.005	-0.844
34.638	345.088	-0.846
34.646	345.171	-0.848
34.655	345.254	-0.851
34.663	345.337	-0.853
34.671	345.421	-0.854
34.680	345.504	-0.856
34.688	345.587	-0.857
34.696	345.670	-0.858
34.705	345.753	-0.859
34.713	345.837	-0.860
34.721	345.920	-0.861
34.730	346.003	-0.862
34.738	346.087	-0.863
34.746	346.169	-0.864
34.755	346.253	-0.865
34.763	346.336	-0.865
34.771	346.419	-0.866
34.780	346.503	-0.867
34.788	346.586	-0.868
34.796	346.669	-0.869
34.805	346.752	-0.870
34.813	346.836	-0.871
34.821	346.918	-0.871
34.830	347.001	-0.872
34.838	347.085	-0.873
34.846	347.168	-0.874
34.855	347.251	-0.875
34.863	347.335	-0.876
34.871	347.418	-0.876
34.880	347.502	-0.877
34.888	347.584	-0.878
34.896	347.668	-0.879
34.905	347.751	-0.879
34.913	347.834	-0.880
34.921	347.918	-0.881
34.930	348.001	-0.882
34.938	348.084	-0.882
34.946	348.168	-0.883
34.955	348.250	-0.884
34.963	348.334	-0.884
34.971	348.417	-0.885
34.980	348.501	-0.886
34.988	348.584	-0.886
34.996	348.667	-0.887
35.005	348.751	-0.887
35.013	348.834	-0.888
35.021	348.917	-0.889
35.030	349.000	-0.889
35.038	349.084	-0.890
35.046	349.167	-0.890
35.055	349.250	-0.891
35.063	349.334	-0.891
35.071	349.417	-0.892
35.080	349.500	-0.892
35.088	349.583	-0.893
35.096	349.667	-0.893
35.105	349.750	-0.894
35.113	349.833	-0.894
35.121	349.917	-0.895
35.130	350.000	-0.895
35.138	350.083	-0.895
35.146	350.166	-0.896
35.155	350.249	-0.896
35.163	350.333	-0.897
35.171	350.416	-0.897
35.180	350.500	-0.898
35.188	350.583	-0.898
35.196	350.666	-0.898
35.205	350.750	-0.899
35.213	350.833	-0.899
35.221	350.916	-0.899
35.230	350.999	-0.900
35.238	351.082	-0.900
35.246	351.166	-0.900
35.255	351.249	-0.901
35.263	351.332	-0.901
35.271	351.415	-0.901
35.280	351.499	-0.902
35.288	351.582	-0.902
35.296	351.666	-0.902
35.305	351.749	-0.902
35.313	351.832	-0.903
35.321	351.915	-0.903
35.330	351.998	-0.903
35.338	352.082	-0.903
35.346	352.165	-0.904
35.355	352.249	-0.904
35.363	352.332	-0.904
35.371	352.415	-0.904
35.380	352.498	-0.904
35.388	352.582	-0.905
35.396	352.665	-0.905
35.405	352.748	-0.905
35.413	352.832	-0.905
35.421	352.915	-0.905
35.430	352.999	-0.905
35.438	353.082	-0.906
35.446	353.165	-0.906
35.455	353.248	-0.906
35.463	353.332	-0.906
35.471	353.415	-0.906
35.480	353.498	-0.906
35.488	353.582	-0.906
35.496	353.665	-0.906
35.505	353.748	-0.906
35.513	353.831	-0.907
35.521	353.915	-0.907
35.530	353.998	-0.907
35.538	354.081	-0.907
35.546	354.165	-0.907
35.555	354.248	-0.907
35.563	354.331	-0.907
35.571	354.414	-0.907
35.580	354.498	-0.907
35.588	354.581	-0.907
35.596	354.664	-0.907
35.605	354.748	-0.907
35.613	354.831	-0.907
35.621	354.914	-0.907
35.630	354.997	-0.907
35.638	355.081	-0.907
35.646	355.164	-0.907
35.655	355.247	-0.907
35.663	355.331	-0.907
35.671	355.414	-0.907
35.680	355.497	-0.907
35.688	355.581	-0.907
35.696	355.664	-0.907
35.705	355.747	-0.907
35.713	355.830	-0.906
35.721	355.914	-0.906
35.730	355.997	-0.906
35.738	356.080	-0.906
35.746	356.163	-0.906
35.755	356.246	-0.905
35.763	356.330	-0.905
35.771	356.413	-0.905
35.780	356.496	-0.905
35.788	356.580	-0.905
35.796	356.663	-0.904
35.805	356.747	-0.904
35.813	356.830	-0.904
35.821	356.914	-0.904
35.830	356.997	-0.903
35.838	357.080	-0.903
35.846	357.163	-0.903
35.855	357.246	-0.903
35.863	357.330	-0.902
35.871	357.413	-0.902
35.880	357.496	-0.902
35.888	357.579	-0.902
35.896	357.663	-0.901
35.905	357.746	-0.901
35.913	357.829	-0.901
35.921	357.912	-0.901
35.930	357.996	-0.900
35.938	358.079	-0.900
35.946	358.162	-0.900
35.955	358.246	-0.900
35.963	358.329	-0.900
35.971	358.413	-0.899
35.980	358.496	-0.899
35.988	358.580	-0.899
35.996	358.663	-0.898
36.005	358.745	-0.898
36.013	358.829	-0.898
36.021	358.913	-0.897
36.030	358.995	-0.897
36.038	359.079	-0.897
36.046	359.163	-0.896
36.055	359.246	-0.896
36.063	359.329	-0.895
36.071	359.413	-0.895
36.080	359.495	-0.895
36.088	359.580	-0.894
36.096	359.662	-0.894
36.105	359.745	-0.893
36.113	359.829	-0.893
36.121	359.912	-0.892
36.130	359.995	-0.892
36.138	360.078	-0.891
36.146	360.162	-0.891
36.155	360.246	-0.890
36.163	360.329	-0.890
36.171	360.412	-0.889
36.180	360.496	-0.889
36.188	360.579	-0.888
36.196	360.662	-0.888
36.205	360.746	-0.887
36.213	360.829	-0.887
36.221	360.912	-0.886
36.230	360.996	-0.886
36.238	361.078	-0.885
36.246	361.162	-0.884
36.255	361.245	-0.884
36.263	361.328	-0.883
36.271	361.412	-0.883
36.280	361.495	-0.882
36.288	361.579	-0.881
36.296	361.662	-0.881
36.305	361.745	-0.880
36.313	361.828	-0.879
36.321	361.912	-0.879
36.330	361.995	-0.878
36.338	362.078	-0.878
36.346	362.162	-0.877
36.355	362.245	-0.876
36.363	362.328	-0.876
36.371	362.412	-0.875
36.380	362.495	-0.874
36.388	362.579	-0.874
36.396	362.662	-0.873
36.405	362.745	-0.872
36.413	362.829	-0.871
36.421	362.911	-0.870
36.430	362.995	-0.869
36.438	363.078	-0.868
36.446	363.162	-0.867
36.455	363.245	-0.866
36.463	363.328	-0.865
36.471	363.412	-0.864
36.480	363.495	-0.863
36.488	363.579	-0.862
36.496	363.662	-0.861
36.505	363.745	-0.860
36.513	363.829	-0.859
36.521	363.912	-0.858
36.530	363.995	-0.857
36.538	364.079	-0.856
36.546	364.162	-0.855
36.555	364.245	-0.853
36.563	364.329	-0.852
36.571	364.412	-0.851
36.580	364.495	-0.850
36.588	364.578	-0.849
36.596	364.662	-0.847
36.605	364.745	-0.846
36.613	364.829	-0.845
36.621	364.912	-0.844
36.630	364.995	-0.842
36.638	365.079	-0.841
36.646	365.162	-0.840
36.655	365.245	-0.839
36.663	365.329	-0.837
36.671	365.412	-0.836
36.680	365.495	-0.835
36.688	365.579	-0.833
36.696	365.662	-0.832
36.705	365.745	-0.831
36.713	365.829	-0.829
36.721	365.913	-0.828
36.730	365.995	-0.827
36.738	366.080	-0.825
36.746	366.162	-0.824
36.755	366.246	-0.822
36.763	366.329	-0.820
36.771	366.413	-0.819
36.780	366.495	-0.817
36.788	366.579	-0.816
36.796	366.662	-0.814
36.805	366.746	-0.813
36.813	366.829	-0.811
36.821	366.911	-0.810
36.830	366.995	-0.808
36.838	367.078	-0.806
36.846	367.162	-0.805
36.855	367.245	-0.803
36.863	367.329	-0.801
36.871	367.412	-0.799
36.880	367.495	-0.797
36.888	367.579	-0.795
36.896	367.662	-0.794
36.905	367.745	-0.792
36.913	367.829	-0.790
36.921	367.912	-0.789
36.930	367.995	-0.787
36.938	368.079	-0.785
36.946	368.163	-0.782
36.955	368.246	-0.781
36.963	368.330	-0.779
36.971	368.413	-0.777
36.980	368.496	-0.774
36.988	368.580	-0.772
36.996	368.663	-0.770
37.005	368.746	-0.767
37.013	368.829	-0.763
37.021	368.913	-0.760
37.030	368.996	-0.758
37.038	369.079	-0.756
37.046	369.163	-0.752
37.055	369.246	-0.749
37.063	369.330	-0.747
37.071	369.413	-0.745
37.080	369.496	-0.742
37.088	369.579	-0.739
37.096	369.664	-0.736
37.105	369.747	-0.734
37.113	369.831	-0.731
37.121	369.914	-0.727
37.130	369.997	-0.723
37.138	370.081	-0.721
37.146	370.164	-0.718
37.155	370.248	-0.715
37.163	370.331	-0.712
37.171	370.415	-0.708
37.180	370.498	-0.705
37.188	370.582	-0.702
37.196	370.665	-0.699
37.205	370.749	-0.695
37.213	370.832	-0.691
37.221	370.915	-0.687
37.230	370.999	-0.683
37.238	371.082	-0.678
37.246	371.166	-0.675
37.255	371.249	-0.671
37.263	371.333	-0.666
37.271	371.416	-0.660
37.280	371.500	-0.654
37.288	371.583	-0.650
37.296	371.667	-0.645
37.305	371.751	-0.639
37.313	371.834	-0.634
37.321	371.917	-0.630
37.330	372.001	-0.627
37.338	372.085	-0.623
37.346	372.168	-0.619
37.355	372.252	-0.615
37.363	372.335	-0.611
37.371	372.418	-0.605
37.380	372.502	-0.599
37.388	372.585	-0.594
37.396	372.669	-0.586
37.405	372.752	-0.579
37.413	372.836	-0.573
37.421	372.919	-0.569
37.430	373.002	-0.563
37.438	373.086	-0.558
37.446	373.170	-0.552
37.455	373.253	-0.547
37.463	373.336	-0.542
37.471	373.420	-0.537
37.480	373.503	-0.532
37.488	373.587	-0.528
37.496	373.671	-0.523
37.505	373.754	-0.517
37.513	373.838	-0.512
37.521	373.921	-0.506
37.530	374.004	-0.501
37.538	374.088	-0.495
37.546	374.171	-0.489
37.555	374.255	-0.484
37.563	374.339	-0.479
37.571	374.422	-0.473
37.580	374.505	-0.467
37.588	374.589	-0.461
37.596	374.672	-0.456
37.605	374.756	-0.451
37.613	374.839	-0.445
37.621	374.923	-0.439
37.630	375.006	-0.431
37.638	375.089	-0.426
37.646	375.173	-0.421
37.655	375.257	-0.414
37.663	375.340	-0.406
37.671	375.424	-0.400
37.680	375.508	-0.395
37.688	375.591	-0.388
37.696	375.675	-0.383
37.705	375.758	-0.377
37.713	375.841	-0.371
37.721	375.925	-0.365
37.730	376.008	-0.359
37.738	376.092	-0.351
37.746	376.175	-0.346
37.755	376.259	-0.339
37.763	376.342	-0.331
37.771	376.426	-0.325
37.780	376.510	-0.319
37.788	376.593	-0.312
37.796	376.677	-0.306
37.805	376.760	-0.301
37.813	376.844	-0.295
37.821	376.927	-0.288
37.830	377.011	-0.280
37.838	377.094	-0.274
37.846	377.178	-0.267
37.855	377.262	-0.262
37.863	377.345	-0.255
37.871	377.429	-0.250
37.880	377.512	-0.245
37.888	377.596	-0.240
37.896	377.679	-0.234
37.905	377.763	-0.228
37.913	377.846	-0.222
37.921	377.930	-0.217
37.930	378.014	-0.212
37.938	378.097	-0.206
37.946	378.181	-0.200
37.955	378.264	-0.195
37.963	378.348	-0.190
37.971	378.431	-0.185
37.980	378.514	-0.180
37.988	378.598	-0.175
37.996	378.681	-0.170
38.005	378.765	-0.167
38.013	378.848	-0.162
38.021	378.932	-0.158
38.030	379.015	-0.154
38.038	379.099	-0.150
38.046	379.182	-0.146
38.055	379.265	-0.142
38.063	379.349	-0.139
38.071	379.433	-0.137
38.080	379.516	-0.133
38.088	379.600	-0.128
38.096	379.683	-0.124
38.105	379.766	-0.122
38.113	379.850	-0.119
38.121	379.933	-0.117
38.130	380.017	-0.115
38.138	380.101	-0.113
38.146	380.183	-0.111
38.155	380.267	-0.109
38.163	380.351	-0.107
38.171	380.434	-0.106
38.180	380.517	-0.104
38.188	380.601	-0.103
38.196	380.684	-0.102
38.205	380.767	-0.101
38.213	380.850	-0.100
38.221	380.934	-0.099
38.230	381.017	-0.098
38.238	381.101	-0.097
38.246	381.183	-0.096
38.255	381.267	-0.095
38.263	381.350	-0.095
38.271	381.434	-0.094
38.280	381.517	-0.093
38.288	381.600	-0.092
38.296	381.683	-0.091
38.305	381.766	-0.091
38.313	381.850	-0.090
38.321	381.933	-0.090
38.330	382.016	-0.089
38.338	382.099	-0.088
38.346	382.182	-0.088
38.355	382.266	-0.087
38.363	382.349	-0.087
38.371	382.432	-0.086
38.380	382.515	-0.086
38.388	382.599	-0.086
38.396	382.682	-0.085
38.405	382.765	-0.085
38.413	382.849	-0.085
38.421	382.931	-0.085
38.430	383.014	-0.085
38.438	383.098	-0.085
38.446	383.181	-0.086
38.455	383.264	-0.086
38.463	383.347	-0.086
38.471	383.430	-0.087
38.480	383.514	-0.088
38.488	383.597	-0.089
38.496	383.680	-0.090
38.505	383.763	-0.091
38.513	383.846	-0.093
38.521	383.929	-0.095
38.530	384.012	-0.097
38.538	384.096	-0.101
38.546	384.179	-0.104
38.555	384.261	-0.107
38.563	384.345	-0.111
38.571	384.428	-0.115
38.580	384.511	-0.120
38.588	384.594	-0.124
38.596	384.677	-0.130
38.605	384.760	-0.134
38.613	384.843	-0.139
38.621	384.926	-0.145
38.630	385.010	-0.151
38.638	385.093	-0.155
38.646	385.176	-0.161
38.655	385.259	-0.167
38.663	385.342	-0.173
38.671	385.425	-0.179
38.680	385.508	-0.185
38.688	385.591	-0.190
38.696	385.674	-0.197
38.705	385.757	-0.204
38.713	385.841	-0.212
38.721	385.923	-0.218
38.730	386.006	-0.224
38.738	386.089	-0.231
38.746	386.173	-0.238
38.755	386.255	-0.244
38.763	386.338	-0.251
38.771	386.421	-0.257
38.780	386.504	-0.263
38.788	386.587	-0.271
38.796	386.670	-0.278
38.805	386.753	-0.284
38.813	386.837	-0.291
38.821	386.920	-0.299
38.830	387.003	-0.306
38.838	387.085	-0.312
38.846	387.168	-0.321
38.855	387.251	-0.328
38.863	387.334	-0.336
38.871	387.418	-0.345
38.880	387.500	-0.353
38.888	387.584	-0.360
38.896	387.666	-0.367
38.905	387.749	-0.375
38.913	387.832	-0.384
38.921	387.915	-0.393
38.930	387.998	-0.400
38.938	388.081	-0.408
38.946	388.164	-0.416
38.955	388.247	-0.425
38.963	388.329	-0.433
38.971	388.413	-0.441
38.980	388.495	-0.449
38.988	388.579	-0.457
38.996	388.661	-0.465
39.005	388.744	-0.472
39.013	388.827	-0.479
39.021	388.911	-0.486
39.030	388.993	-0.492
39.038	389.076	-0.499
39.046	389.160	-0.508
39.055	389.242	-0.515
39.063	389.325	-0.524
39.071	389.408	-0.531
39.080	389.491	-0.538
39.088	389.574	-0.545
39.096	389.657	-0.553
39.105	389.740	-0.560
39.113	389.823	-0.564
39.121	389.906	-0.570
39.130	389.989	-0.577
39.138	390.072	-0.584
39.146	390.155	-0.591
39.155	390.238	-0.597
39.163	390.321	-0.603
39.171	390.404	-0.610
39.180	390.487	-0.617
39.188	390.570	-0.622
39.196	390.653	-0.628
39.205	390.736	-0.634
39.213	390.818	-0.640
39.221	390.902	-0.645
39.230	390.985	-0.651
39.238	391.069	-0.656
39.246	391.152	-0.661
39.255	391.235	-0.666
39.263	391.318	-0.671
39.271	391.401	-0.676
39.280	391.484	-0.681
39.288	391.567	-0.686
39.296	391.650	-0.690
39.305	391.733	-0.694
39.313	391.816	-0.697
39.321	391.899	-0.701
39.330	391.982	-0.704
39.338	392.065	-0.707
39.346	392.148	-0.710
39.355	392.231	-0.713
39.363	392.315	-0.716
39.371	392.398	-0.719
39.380	392.481	-0.722
39.388	392.564	-0.725
39.396	392.647	-0.728
39.405	392.731	-0.731
39.413	392.814	-0.734
39.421	392.897	-0.737
39.430	392.980	-0.739
39.438	393.063	-0.741
39.446	393.146	-0.744
39.455	393.229	-0.745
39.463	393.313	-0.748
39.471	393.395	-0.750
39.480	393.478	-0.752
39.488	393.562	-0.754
39.496	393.645	-0.755
39.505	393.728	-0.757
39.513	393.811	-0.758
39.521	393.894	-0.759
39.530	393.978	-0.761
39.538	394.061	-0.762
39.546	394.144	-0.763
39.555	394.227	-0.764
39.563	394.311	-0.766
39.571	394.394	-0.767
39.580	394.477	-0.768
39.588	394.560	-0.769
39.596	394.644	-0.771
39.605	394.726	-0.772
39.613	394.810	-0.773
39.621	394.893	-0.775
39.630	394.976	-0.776
39.638	395.059	-0.777
39.646	395.142	-0.778
39.655	395.226	-0.779
39.663	395.309	-0.781
39.671	395.393	-0.782
39.680	395.476	-0.783
39.688	395.559	-0.784
39.696	395.642	-0.785
39.705	395.725	-0.787
39.713	395.808	-0.788
39.721	395.892	-0.789
39.730	395.976	-0.790
39.738	396.058	-0.791
39.746	396.141	-0.792
39.755	396.225	-0.793
39.763	396.308	-0.794
39.771	396.391	-0.796
39.780	396.475	-0.797
39.788	396.558	-0.798
39.796	396.641	-0.799
39.805	396.724	-0.800
39.813	396.808	-0.801
39.821	396.891	-0.802
39.830	396.974	-0.803
39.838	397.058	-0.804
39.846	397.140	-0.805
39.855	397.224	-0.806
39.863	397.306	-0.807
39.871	397.390	-0.808
39.880	397.474	-0.809
39.888	397.556	-0.810
39.896	397.640	-0.811
39.905	397.723	-0.812
39.913	397.806	-0.813
39.921	397.890	-0.814
39.930	397.973	-0.815
39.938	398.056	-0.816
39.946	398.139	-0.817
39.955	398.222	-0.818
39.963	398.305	-0.819
39.971	398.389	-0.819
39.980	398.472	-0.820
39.988	398.555	-0.821
39.996	398.638	-0.822
40.005	398.722	-0.823
40.013	398.805	-0.824
40.021	398.888	-0.825
40.030	398.971	-0.826
40.038	399.055	-0.827
40.046	399.138	-0.828
40.055	399.221	-0.828
40.063	399.304	-0.829
40.071	399.387	-0.830
40.080	399.471	-0.831
40.088	399.554	-0.832
40.096	399.637	-0.833
40.105	399.720	-0.833
40.113	399.803	-0.834
40.121	399.887	-0.835
40.130	399.970	-0.836
40.138	400.053	-0.837
40.146	400.137	-0.837
40.155	400.219	-0.838
40.163	400.303	-0.839
40.171	400.386	-0.840
40.180	400.470	-0.841
40.188	400.553	-0.841
40.196	400.636	-0.842
40.205	400.720	-0.843
40.213	400.803	-0.843
40.221	400.886	-0.844
40.230	400.970	-0.845
40.238	401.053	-0.846
40.246	401.136	-0.846
40.255	401.219	-0.847
40.263	401.302	-0.847
40.271	401.386	-0.848
40.280	401.469	-0.849
40.288	401.552	-0.849
40.296	401.635	-0.850
40.305	401.718	-0.850
40.313	401.802	-0.851
40.321	401.885	-0.851
40.330	401.968	-0.852
40.338	402.051	-0.852
40.346	402.135	-0.853
40.355	402.218	-0.853
40.363	402.301	-0.854
40.371	402.385	-0.854
40.380	402.468	-0.855
40.388	402.551	-0.855
40.396	402.635	-0.856
40.405	402.718	-0.856
40.413	402.801	-0.857
40.421	402.884	-0.857
40.430	402.968	-0.858
40.438	403.051	-0.858
40.446	403.134	-0.859
40.455	403.217	-0.859
40.463	403.300	-0.860
40.471	403.384	-0.860
40.480	403.467	-0.861
40.488	403.550	-0.861
40.496	403.634	-0.862
40.505	403.717	-0.862
40.513	403.800	-0.862
40.521	403.884	-0.863
40.530	403.967	-0.863
40.538	404.050	-0.864
40.546	404.134	-0.864
40.555	404.217	-0.864
40.563	404.300	-0.865
40.571	404.383	-0.865
40.580	404.467	-0.866
40.588	404.550	-0.866
40.596	404.633	-0.866
40.605	404.716	-0.867
40.613	404.800	-0.867
40.621	404.882	-0.867
40.630	404.966	-0.867
40.638	405.050	-0.868
40.646	405.132	-0.868
40.655	405.216	-0.868
40.663	405.300	-0.869
40.671	405.383	-0.869
40.680	405.466	-0.869
40.688	405.549	-0.869
40.696	405.633	-0.870
40.705	405.716	-0.870
40.713	405.799	-0.870
40.721	405.882	-0.870
40.730	405.965	-0.870
40.738	406.049	-0.870
40.746	406.132	-0.871
40.755	406.216	-0.871
40.763	406.299	-0.871
40.771	406.382	-0.871
40.780	406.465	-0.871
40.788	406.548	-0.871
40.796	406.631	-0.871
40.805	406.715	-0.872
40.813	406.798	-0.872
40.821	406.881	-0.872
40.830	406.965	-0.872
40.838	407.048	-0.872
40.846	407.132	-0.872
40.855	407.214	-0.872
40.863	407.298	-0.872
40.871	407.381	-0.873
40.880	407.464	-0.873
40.888	407.548	-0.873
40.896	407.631	-0.873
40.905	407.714	-0.873
40.913	407.797	-0.873
40.921	407.880	-0.873
40.930	407.963	-0.874
40.938	408.047	-0.874
40.946	408.130	-0.874
40.955	408.214	-0.874
40.963	408.297	-0.874
40.971	408.380	-0.874
40.980	408.464	-0.875
40.988	408.547	-0.875
40.996	408.630	-0.875
41.005	408.714	-0.875
41.013	408.796	-0.875
41.021	408.880	-0.876
41.030	408.963	-0.876
41.038	409.047	-0.876
41.046	409.130	-0.876
41.055	409.213	-0.876
41.063	409.297	-0.877
41.071	409.380	-0.877
41.080	409.463	-0.877
41.088	409.546	-0.877
41.096	409.630	-0.877
41.105	409.713	-0.877
41.113	409.796	-0.878
41.121	409.879	-0.878
41.130	409.963	-0.878
41.138	410.046	-0.878
41.146	410.129	-0.878
41.155	410.212	-0.879
41.163	410.296	-0.879
41.171	410.379	-0.879
41.180	410.463	-0.879
41.188	410.545	-0.879
41.196	410.629	-0.879
41.205	410.712	-0.880
41.213	410.796	-0.880
41.221	410.879	-0.880
41.230	410.962	-0.880
41.238	411.045	-0.880
41.246	411.129	-0.880
41.255	411.212	-0.881
41.263	411.295	-0.881
41.271	411.379	-0.881
41.280	411.462	-0.881
41.288	411.545	-0.881
41.296	411.629	-0.881
41.305	411.712	-0.882
41.313	411.795	-0.882
41.321	411.877	-0.882
41.330	411.961	-0.882
41.338	412.044	-0.882
41.346	412.128	-0.883
41.355	412.211	-0.883
41.363	412.294	-0.883
41.371	412.378	-0.883
41.380	412.461	-0.883
41.388	412.544	-0.883
41.396	412.627	-0.884
41.405	412.711	-0.884
41.413	412.794	-0.884
41.421	412.877	-0.884
41.430	412.961	-0.884
41.438	413.044	-0.884
41.446	413.127	-0.885
41.455	413.210	-0.885
41.463	413.293	-0.885
41.471	413.377	-0.885
41.480	413.459	-0.885
41.488	413.544	-0.885
41.496	413.627	-0.886
41.505	413.710	-0.886
41.513	413.793	-0.886
41.521	413.876	-0.886
41.530	413.960	-0.886
41.538	414.043	-0.887
41.546	414.126	-0.887
41.555	414.209	-0.887
41.563	414.292	-0.887
41.571	414.375	-0.887
41.580	414.459	-0.888
41.588	414.542	-0.888
41.596	414.625	-0.888
41.605	414.708	-0.888
41.613	414.791	-0.888
41.621	414.874	-0.888
41.630	414.958	-0.889
41.638	415.041	-0.889
41.646	415.124	-0.889
41.655	415.207	-0.889
41.663	415.291	-0.889
41.671	415.374	-0.890
41.680	415.457	-0.890
41.688	415.541	-0.890
41.696	415.624	-0.890
41.705	415.707	-0.890
41.713	415.790	-0.891
41.721	415.873	-0.891
41.730	415.957	-0.891
41.738	416.040	-0.891
41.746	416.123	-0.892
41.755	416.206	-0.892
41.763	416.289	-0.892
41.771	416.372	-0.892
41.780	416.456	-0.892
41.788	416.539	-0.893
41.796	416.622	-0.893
41.805	416.705	-0.893
41.813	416.789	-0.893
41.821	416.873	-0.894
41.830	416.956	-0.894
41.838	417.039	-0.894
41.846	417.122	-0.894
41.855	417.205	-0.894
41.863	417.288	-0.895
41.871	417.372	-0.895
41.880	417.455	-0.895
41.888	417.538	-0.895
41.896	417.621	-0.895
41.905	417.704	-0.896
41.913	417.788	-0.896
41.921	417.871	-0.896
41.930	417.954	-0.896
41.938	418.037	-0.896
41.946	418.120	-0.896
41.955	418.204	-0.896
41.963	418.287	-0.897
41.971	418.370	-0.897
41.980	418.454	-0.897
41.988	418.537	-0.897
41.996	418.620	-0.897
42.005	418.703	-0.897
42.013	418.786	-0.897
42.021	418.869	-0.897
42.030	418.953	-0.897
42.038	419.036	-0.897
42.046	419.119	-0.897
42.055	419.203	-0.897
42.063	419.286	-0.897
42.071	419.370	-0.897
42.080	419.453	-0.897
42.088	419.536	-0.897
42.096	419.619	-0.897
42.105	419.703	-0.897
42.113	419.786	-0.898
42.121	419.869	-0.898
42.130	419.953	-0.898
42.138	420.035	-0.897
42.146	420.118	-0.897
42.155	420.202	-0.897
42.163	420.285	-0.898
42.171	420.369	-0.898
42.180	420.452	-0.898
42.188	420.535	-0.898
42.196	420.618	-0.898
42.205	420.702	-0.898
42.213	420.785	-0.898
42.221	420.868	-0.898
42.230	420.951	-0.898
42.238	421.034	-0.898
42.246	421.118	-0.898
42.255	421.202	-0.898
42.263	421.285	-0.898
42.271	421.368	-0.898
42.280	421.451	-0.898
42.288	421.534	-0.898
42.296	421.618	-0.898
42.305	421.701	-0.898
42.313	421.784	-0.898
42.321	421.867	-0.898
42.330	421.950	-0.898
42.338	422.034	-0.898
42.346	422.117	-0.898
42.355	422.200	-0.898
42.363	422.284	-0.898
42.371	422.367	-0.898
42.380	422.450	-0.898
42.388	422.534	-0.898
42.396	422.617	-0.898
42.405	422.700	-0.898
42.413	422.783	-0.898
42.421	422.867	-0.898
42.430	422.949	-0.898
42.438	423.033	-0.898
42.446	423.116	-0.898
42.455	423.200	-0.898
42.463	423.283	-0.898
42.471	423.367	-0.898
42.480	423.449	-0.898
42.488	423.532	-0.898
42.496	423.616	-0.898
42.505	423.699	-0.898
42.513	423.783	-0.898
42.521	423.866	-0.898
42.530	423.949	-0.898
42.538	424.033	-0.898
42.546	424.116	-0.898
42.555	424.199	-0.898
42.563	424.282	-0.898
42.571	424.366	-0.898
42.580	424.449	-0.898
42.588	424.532	-0.898
42.596	424.615	-0.898
42.605	424.698	-0.898
42.613	424.782	-0.898
42.621	424.865	-0.898
42.630	424.948	-0.898
42.638	425.031	-0.898
42.646	425.114	-0.898
42.655	425.198	-0.898
42.663	425.281	-0.898
42.671	425.364	-0.897
42.680	425.448	-0.897
42.688	425.531	-0.897
42.696	425.614	-0.897
42.705	425.697	-0.897
42.713	425.781	-0.897
42.721	425.864	-0.896
42.730	425.948	-0.896
42.738	426.030	-0.896
42.746	426.114	-0.896
42.755	426.197	-0.896
42.763	426.281	-0.896
42.771	426.364	-0.896
42.780	426.447	-0.896
42.788	426.531	-0.896
42.796	426.614	-0.895
42.805	426.697	-0.895
42.813	426.780	-0.895
42.821	426.864	-0.895
42.830	426.947	-0.895
42.838	427.030	-0.895
42.846	427.114	-0.895
42.855	427.196	-0.895
42.863	427.280	-0.894
42.871	427.363	-0.894
42.880	427.446	-0.894
42.888	427.530	-0.894
42.896	427.613	-0.894
42.905	427.696	-0.894
42.913	427.779	-0.894
42.921	427.863	-0.894
42.930	427.946	-0.894
42.938	428.029	-0.894
42.946	428.112	-0.894
42.955	428.195	-0.894
42.963	428.279	-0.894
42.971	428.362	-0.894
42.980	428.445	-0.894
42.988	428.529	-0.894
42.996	428.612	-0.894
43.005	428.695	-0.894
43.013	428.778	-0.894
43.021	428.862	-0.894
43.030	428.945	-0.894
43.038	429.029	-0.894
43.046	429.111	-0.894
43.055	429.195	-0.894
43.063	429.278	-0.894
43.071	429.361	-0.894
43.080	429.444	-0.894
43.088	429.528	-0.894
43.096	429.611	-0.894
43.105	429.695	-0.894
43.113	429.778	-0.894
43.121	429.860	-0.895
43.130	429.944	-0.895
43.138	430.027	-0.895
43.146	430.111	-0.895
43.155	430.194	-0.895
43.163	430.277	-0.895
43.171	430.360	-0.895
43.180	430.444	-0.895
43.188	430.526	-0.895
43.196	430.610	-0.895
43.205	430.693	-0.895
43.213	430.776	-0.896
43.221	430.860	-0.896
43.230	430.943	-0.896
43.238	431.026	-0.896
43.246	431.109	-0.896
43.255	431.193	-0.896
43.263	431.276	-0.896
43.271	431.360	-0.897
43.280	431.443	-0.897
43.288	431.526	-0.897
43.296	431.609	-0.897
43.305	431.692	-0.897
43.313	431.775	-0.897
43.321	431.859	-0.897
43.330	431.942	-0.897
43.338	432.025	-0.898
43.346	432.108	-0.898
43.355	432.192	-0.898
43.363	432.275	-0.898
43.371	432.358	-0.898
43.380	432.441	-0.898
43.388	432.524	-0.898
43.396	432.608	-0.899
43.405	432.691	-0.899
43.413	432.774	-0.899
43.421	432.858	-0.899
43.430	432.941	-0.899
43.438	433.024	-0.899
43.446	433.107	-0.899
43.455	433.190	-0.899
43.463	433.274	-0.899
43.471	433.357	-0.899
43.480	433.440	-0.899
43.488	433.523	-0.899
43.496	433.607	-0.899
43.505	433.690	-0.899
43.513	433.773	-0.900
43.521	433.856	-0.900
43.530	433.939	-0.900
43.538	434.023	-0.900
43.546	434.106	-0.900
43.555	434.189	-0.900
43.563	434.272	-0.900
43.571	434.356	-0.900
43.580	434.439	-0.900
43.588	434.522	-0.901
43.596	434.605	-0.901
43.605	434.688	-0.901
43.613	434.772	-0.901
43.621	434.855	-0.901
43.630	434.938	-0.901
43.638	435.022	-0.901
43.646	435.105	-0.901
43.655	435.188	-0.901
43.663	435.272	-0.901
43.671	435.355	-0.901
43.680	435.438	-0.901
43.688	435.521	-0.901
43.696	435.604	-0.901
43.705	435.687	-0.901
43.713	435.770	-0.900
43.721	435.854	-0.900
43.730	435.937	-0.900
43.738	436.020	-0.900
43.746	436.104	-0.900
43.755	436.187	-0.900
43.763	436.270	-0.900
43.771	436.354	-0.900
43.780	436.436	-0.900
43.788	436.520	-0.900
43.796	436.603	-0.899
43.805	436.686	-0.899
43.813	436.768	-0.899
43.821	436.852	-0.899
43.830	436.936	-0.899
43.838	437.019	-0.899
43.846	437.102	-0.899
43.855	437.186	-0.899
43.863	437.269	-0.899
43.871	437.353	-0.899
43.880	437.436	-0.898
43.888	437.519	-0.898
43.896	437.602	-0.898
43.905	437.685	-0.898
43.913	437.769	-0.898
43.921	437.852	-0.898
43.930	437.935	-0.898
43.938	438.018	-0.898
43.946	438.102	-0.898
43.955	438.185	-0.898
43.963	438.268	-0.898
43.971	438.352	-0.898
43.980	438.435	-0.898
43.988	438.519	-0.898
43.996	438.602	-0.898
44.005	438.685	-0.898
44.013	438.768	-0.898
44.021	438.852	-0.897
44.030	438.935	-0.897
44.038	439.018	-0.898
44.046	439.102	-0.898
44.055	439.185	-0.897
44.063	439.268	-0.897
44.071	439.352	-0.897
44.080	439.435	-0.898
44.088	439.518	-0.898
44.096	439.601	-0.898
44.105	439.684	-0.898
44.113	439.767	-0.898
44.121	439.850	-0.898
44.130	439.934	-0.898
44.138	440.018	-0.898
44.146	440.101	-0.898
44.155	440.184	-0.898
44.163	440.267	-0.898
44.171	440.351	-0.898
44.180	440.434	-0.898
44.188	440.517	-0.898
44.196	440.600	-0.898
44.205	440.684	-0.898
44.213	440.767	-0.898
44.221	440.850	-0.898
44.230	440.933	-0.898
44.238	441.017	-0.898
44.246	441.100	-0.898
44.255	441.183	-0.898
44.263	441.266	-0.898
44.271	441.350	-0.898
44.280	441.433	-0.898
44.288	441.516	-0.898
44.296	441.599	-0.898
44.305	441.684	-0.898
44.313	441.766	-0.898
44.321	441.849	-0.898
44.330	441.933	-0.898
44.338	442.016	-0.898
44.346	442.100	-0.898
44.355	442.182	-0.898
44.363	442.266	-0.898
44.371	442.349	-0.899
44.380	442.432	-0.899
44.388	442.515	-0.899
44.396	442.598	-0.899
44.405	442.682	-0.899
44.413	442.765	-0.899
44.421	442.849	-0.899
44.430	442.932	-0.899
44.438	443.015	-0.899
44.446	443.098	-0.899
44.455	443.182	-0.900
44.463	443.265	-0.900
44.471	443.348	-0.900
44.480	443.431	-0.900
44.488	443.515	-0.900
44.496	443.598	-0.900
44.505	443.681	-0.900
44.513	443.764	-0.900
44.521	443.847	-0.900
44.530	443.930	-0.900
44.538	444.013	-0.900
44.546	444.097	-0.900
44.555	444.180	-0.901
44.563	444.263	-0.901
44.571	444.347	-0.901
44.580	444.430	-0.901
44.588	444.513	-0.901
44.596	444.596	-0.901
44.605	444.680	-0.901
44.613	444.763	-0.901
44.621	444.845	-0.901
44.630	444.929	-0.901
44.638	445.012	-0.902
44.646	445.095	-0.902
44.655	445.178	-0.902
44.663	445.262	-0.902
44.671	445.345	-0.902
44.680	445.429	-0.902
44.688	445.512	-0.902
44.696	445.595	-0.902
44.705	445.678	-0.902
44.713	445.761	-0.902
44.721	445.844	-0.902
44.730	445.928	-0.903
44.738	446.011	-0.903
44.746	446.094	-0.903
44.755	446.178	-0.903
44.763	446.261	-0.903
44.771	446.344	-0.903
44.780	446.428	-0.904
44.788	446.510	-0.904
44.796	446.594	-0.904
44.805	446.678	-0.904
44.813	446.761	-0.905
44.821	446.844	-0.905
44.830	446.927	-0.905
44.838	447.011	-0.905
44.846	447.094	-0.905
44.855	447.177	-0.905
44.863	447.260	-0.906
44.871	447.343	-0.906
44.880	447.426	-0.906
44.888	447.510	-0.906
44.896	447.593	-0.906
44.905	447.676	-0.906
44.913	447.759	-0.906
44.921	447.843	-0.906
44.930	447.926	-0.907
44.938	448.009	-0.907
44.946	448.092	-0.907
44.955	448.175	-0.907
44.963	448.259	-0.907
44.971	448.342	-0.907
44.980	448.425	-0.907
44.988	448.508	-0.907
44.996	448.592	-0.908
45.005	448.675	-0.908
45.013	448.759	-0.908
45.021	448.841	-0.908
45.030	448.925	-0.908
45.038	449.008	-0.908
45.046	449.091	-0.908
45.055	449.174	-0.909
45.063	449.258	-0.909
45.071	449.341	-0.909
45.080	449.424	-0.909
45.088	449.508	-0.909
45.096	449.591	-0.909
45.105	449.674	-0.910
45.113	449.757	-0.910
45.121	449.840	-0.910
45.130	449.923	-0.910
45.138	450.007	-0.910
45.146	450.090	-0.910
45.155	450.174	-0.911
45.163	450.257	-0.911
45.171	450.340	-0.911
45.180	450.423	-0.911
45.188	450.507	-0.911
45.196	450.591	-0.911
45.205	450.673	-0.912
45.213	450.756	-0.912
45.221	450.840	-0.912
45.230	450.923	-0.912
45.238	451.006	-0.912
45.246	451.090	-0.912
45.255	451.173	-0.912
45.263	451.256	-0.912
45.271	451.340	-0.912
45.280	451.423	-0.913
45.288	451.507	-0.913
45.296	451.590	-0.913
45.305	451.673	-0.913
45.313	451.756	-0.913
45.321	451.839	-0.913
45.330	451.923	-0.913
45.338	452.006	-0.913
45.346	452.089	-0.914
45.355	452.173	-0.914
45.363	452.256	-0.914
45.371	452.339	-0.914
45.380	452.423	-0.914
45.388	452.506	-0.914
45.396	452.589	-0.914
45.405	452.672	-0.914
45.413	452.756	-0.914
45.421	452.839	-0.914
45.430	452.922	-0.914
45.438	453.005	-0.914
45.446	453.089	-0.915
45.455	453.172	-0.915
45.463	453.255	-0.915
45.471	453.338	-0.915
45.480	453.421	-0.915
45.488	453.505	-0.915
45.496	453.588	-0.915
45.505	453.672	-0.915
45.513	453.754	-0.915
45.521	453.838	-0.915
45.530	453.922	-0.916
45.538	454.005	-0.916
45.546	454.088	-0.916
45.555	454.171	-0.916
45.563	454.254	-0.916
45.571	454.337	-0.916
45.580	454.420	-0.916
45.588	454.503	-0.916
45.596	454.587	-0.916
45.605	454.671	-0.917
45.613	454.754	-0.917
45.621	454.837	-0.917
45.630	454.920	-0.917
45.638	455.003	-0.917
45.646	455.087	-0.917
45.655	455.170	-0.917
45.663	455.253	-0.917
45.671	455.336	-0.917
45.680	455.419	-0.918
45.688	455.503	-0.918
45.696	455.586	-0.918
45.705	455.669	-0.918
45.713	455.753	-0.918
45.721	455.835	-0.918
45.730	455.918	-0.918
45.738	456.002	-0.919
45.746	456.085	-0.919
45.755	456.169	-0.919
45.763	456.252	-0.919
45.771	456.335	-0.919
45.780	456.419	-0.919
45.788	456.502	-0.919
45.796	456.584	-0.919
45.805	456.667	-0.920
45.813	456.751	-0.920
45.821	456.834	-0.920
45.830	456.918	-0.920
45.838	457.000	-0.920
45.846	457.084	-0.920
45.855	457.167	-0.921
45.863	457.250	-0.921
45.871	457.333	-0.921
45.880	457.417	-0.921
45.888	457.500	-0.921
45.896	457.583	-0.922
45.905	457.667	-0.922
45.913	457.749	-0.922
45.921	457.832	-0.922
45.930	457.916	-0.922
45.938	457.999	-0.923
45.946	458.082	-0.923
45.955	458.166	-0.923
45.963	458.249	-0.923
45.971	458.332	-0.923
45.980	458.416	-0.924
45.988	458.499	-0.924
45.996	458.582	-0.924
46.005	458.665	-0.924
46.013	458.748	-0.925
46.021	458.831	-0.925
46.030	458.914	-0.925
46.038	458.998	-0.925
46.046	459.081	-0.925
46.055	459.164	-0.926
46.063	459.247	-0.926
46.071	459.331	-0.926
46.080	459.414	-0.926
46.088	459.497	-0.926
46.096	459.581	-0.927
46.105	459.664	-0.927
46.113	459.747	-0.926
46.121	459.831	-0.921
46.130	459.914	-0.920
46.138	459.997	-0.920
46.146	460.081	-0.920
